18.2798
17.922
18.4732
18.2123
17.9823
18.4644
17.9193
18.0314
18.4377
18.2821
18.4663
18.4915
18.2678
18.2955
18.2055
18.2769
18.1754
18.1356
18.0925
17.9718
18.3627
18.2734
18.5002
18.3023
18.1355
18.02
18.2906
18.1104
18.4661
18.5876
18.2633
18.2787
17.9577
18.5347
18.3166
18.4336
18.1964
18.2267
18.2147
18.3005
18.1979
17.8823
18.1233
18.299
18.12
18.1572
18.4145
18.4932
18.1526
18.1027
18.3419
18.3022
17.9333
18.5606
18.5632
18.1644
18.1856
18.2983
18.3421
18.2633
17.9543
18.0453
17.9548
18.0024
18.3256
18.7455
18.1043
18.3881
18.2563
18.0162
18.2825
18.3542
18.2908
18.0628
18.2772
18.282
18.4019
18.1014
18.2971
18.1823
18.4493
18.4688
18.3211
18.4854
17.9211
18.6045
18.5819
18.2579
17.8695
18.5173
17.7306
18.5431
18.3688
18.405
18.1879
18.5412
18.4248
18.1957
18.3846
18.4475
18.0729
18.3393
18.4451
18.002
18.3665
18.0958
18.2853
18.5622
18.2511
18.252
18.609
18.2886
18.3024
17.9163
18.5272
18.2485
18.5809
18.5874
19.1199
18.3134
18.2863
18.5811
18.4389
18.5263
18.1783
18.2801
18.5148
18.2285
18.5211
18.5539
17.9879
17.9848
18.4346
18.3424
18.366
18.7382
18.1826
18.1881
18.4291
18.1989
18.0136
18.7802
18.2229
18.3653
18.2951
18.7068
18.5359
18.4637
18.2803
18.3221
18.5808
18.3264
18.3562
18.5891
18.3139
18.1878
18.3504
18.3905
18.1181
18.2817
18.7099
17.7864
18.2048
18.0084
18.2782
18.4882
18.3665
18.2832
18.5349
18.5907
18.0739
18.1068
18.7931
18.1057
18.1548
18.3389
18.0451
18.118
18.4523
18.6112
18.3887
18.2687
18.4107
18.3281
18.4495
18.071
18.634
18.8263
18.3116
18.4013
18.6804
18.2191
18.2464
18.5299
18.3084
18.3424
18.4401
18.6149
17.9942
18.1586
18.621
18.066
17.8453
18.0721
18.2119
17.8832
18.3895
18.1688
18.0374
18.2152
18.4639
18.2739
18.0838
18.2541
18.6062
18.4203
18.179
18.2065
18.2956
18.1502
18.2904
18.0627
18.5346
18.4865
18.2239
18.2513
17.9285
18.1631
18.2198
18.4709
18.1303
17.8958
18.2791
18.3256
18.3294
18.1621
18.1486
17.9932
18.4965
18.4023
18.2483
18.3492
18.0532
18.3559
18.2813
18.3912
18.1783
18.3384
18.3266
18.3931
18.2788
17.9849
18.5505
18.4741
18.2524
18.4984
17.9567
18.2642
18.2459
18.0351
18.6544
18.1989
18.3828
18.1424
18.014
18.2875
18.2628
18.3147
18.1228
18.1902
18.0889
18.636
17.9145
18.0763
18.3351
18.3779
18.5434
18.1899
18.6281
18.3154
18.176
18.4858
18.3274
18.2115
18.6018
18.3788
18.2365
18.2917
18.5199
18.3279
18.5612
18.3244
18.0794
18.0099
18.0842
18.6387
18.0559
18.1271
17.8829
18.3013
18.2478
18.4357
18.1932
18.5065
18.2169
18.5763
18.382
18.4254
18.3098
18.3552
18.5258
18.3304
18.287
18.3124
18.4834
18.5389
18.0735
17.9663
18.3192
18.2158
18.1123
18.0981
18.5439
18.1745
18.258
18.2142
18.5378
18.2821
18.2741
18.4675
18.5005
18.1136
18.3602
18.3833
18.622
17.9653
18.1455
18.3091
18.5322
18.3924
18.1106
18.3828
18.4923
18.4896
18.0965
18.3388
18.4332
18.3592
18.2411
18.0086
18.7458
18.4588
18.1036
18.2364
18.2643
18.4958
18.1431
17.9524
18.2565
17.9605
18.1599
18.4211
18.3366
18.2165
18.2604
18.4535
18.4116
18.2441
18.3756
18.212
18.5304
18.2289
18.4468
18.1649
18.4
18.5319
18.0358
18.4056
18.1086
18.0059
18.5849
18.0997
18.2222
18.3456
18.1063
18.218
18.4317
18.4387
18.168
18.1691
17.9318
18.1961
18.2672
17.8003
18.4431
18.4138
18.098
18.6631
17.9982
18.4246
17.9034
18.0924
18.0887
17.7461
18.151
18.1986
18.3431
18.4609
17.9368
18.4433
18.3671
17.8645
18.1222
17.8665
18.1332
18.1806
18.0412
18.3241
18.3987
18.0869
18.1408
18.3097
18.2484
18.2976
18.4943
18.1494
17.9751
18.2927
17.7733
17.6925
17.8629
18.3904
18.2016
18.2956
18.1199
17.9627
18.6238
18.1831
18.2613
18.2509
18.1103
17.9852
18.3811
18.2354
18.1819
18.3529
18.0686
17.6811
18.1156
18.1114
18.2763
18.2245
18.0732
18.4581
17.9479
18.1442
18.3004
18.206
17.7473
17.4448
18.0286
18.2106
17.9869
18.5127
17.774
17.8913
18.1881
18.0636
18.0815
18.3302
18.0242
18.1529
17.8983
18.4402
18.1641
18.5043
18.2248
18.2937
18.2247
18.1396
18.5755
17.8066
17.9811
18.0299
17.9199
18.4771
18.5236
17.8594
18.5847
18.7092
18.1376
18.3893
18.1861
18.0945
18.2478
18.3463
18.3133
18.2234
17.9078
18.166
18.1766
18.275
17.9212
18.42
18.2865
18.4673
18.2001
17.8939
18.1118
18.336
18.1826
18.0337
17.7772
18.2402
18.1026
18.2841
18.2046
18.3728
18.6378
18.4014
18.4088
18.8135
17.8484
18.3259
18.1597
18.3799
18.4196
18.0869
18.3617
18.2457
18.5063
18.2772
18.2639
18.2951
18.1253
18.1483
18.4993
18.6212
17.7164
18.373
18.2842
18.0726
18.2557
18.2464
18.0833
18.5539
18.3407
18.241
18.137
18.153
18.1288
18.0189
18.2238
18.0471
18.2231
18.2866
18.2538
18.1024
18.0952
18.4581
18.1054
18.5005
18.2268
17.9949
18.5283
18.4691
18.1224
18.0876
18.5507
18.511
17.9044
18.4073
18.2298
17.837
18.2459
18.454
18.0829
18.211
17.9796
18.3346
18.221
18.1393
18.3146
18.4746
18.1612
17.942
18.103
18.0393
18.0241
18.5032
18.6531
18.6211
18.318
18.1725
18.0796
18.1097
18.0351
18.3633
18.1293
18.4962
18.1895
18.629
18.3591
18.1811
18.1114
18.1281
18.4892
18.4707
18.7008
17.9922
18.5308
18.2874
18.4194
18.4538
18.1843
17.9592
18.0739
18.0688
18.5691
18.5247
18.2082
18.1918
18.4088
18.4355
18.5184
18.0944
18.3967
18.0714
18.2416
18.198
18.5261
18.5105
18.3425
18.329
18.1479
18.2368
18.0535
18.1806
18.3876
18.2754
18.3716
18.1918
18.2233
18.5339
18.5287
18.0838
18.0436
18.2499
18.078
18.0384
18.5025
18.1257
18.1213
18.6948
18.3956
18.0462
18.7506
18.7773
18.4408
18.5467
18.5729
18.3989
18.2559
18.0534
18.1235
18.1993
18.3082
18.2169
18.4059
18.2971
18.2906
18.047
17.8057
17.9555
18.0004
18.1876
18.0748
18.1384
18.0571
18.1351
18.0505
17.6751
18.2693
18.3731
18.3876
18.1239
18.0818
18.2262
17.9537
18.3969
18.5196
18.5109
18.2096
18.0153
18.5902
18.3295
18.331
18.0171
18.1439
18.4145
18.3175
18.2762
18.1031
18.4585
18.2051
18.412
18.0903
18.0964
18.4167
18.1023
18.0021
18.2003
18.3781
17.8967
17.9557
18.3466
18.2875
18.4909
18.321
18.4747
18.0463
18.4733
18.1478
18.4853
18.2861
17.8743
17.8819
18.5042
18.4027
18.5169
18.6626
18.2723
18.2153
18.0865
18.0364
18.452
18.5301
18.0696
17.7966
18.0423
17.981
18.3137
18.2322
18.2616
18.3774
17.8798
18.5112
18.0307
18.3733
18.1171
18.2564
18.8365
17.9391
18.0874
18.3466
18.1593
18.3236
18.1007
18.0045
18.3068
17.8619
18.0644
18.1438
18.2534
18.1057
18.0386
18.0884
18.3271
18.2295
18.0732
18.3323
18.0369
18.1054
18.0293
18.3974
18.1459
17.8548
18.464
17.6598
17.9309
17.809
17.9639
18.0831
18.0165
18.1782
18.1878
17.5894
18.1279
18.4695
17.9901
18.3996
18.011
18.4534
17.8404
18.3014
18.3015
17.7465
17.8767
17.8726
18.4481
18.0468
18.3174
18.0572
17.9447
17.9956
18.0506
18.5102
18.6436
17.9157
18.0845
18.2551
18.2518
17.9633
18.0988
18.274
18.4897
18.1147
17.9772
18.4408
18.0199
17.7567
18.2716
18.1458
18.0627
18.0338
18.1732
18.0688
18.238
17.8341
17.8119
18.4898
18.1349
18.153
18.2875
17.7657
18.1102
17.8884
18.1697
18.107
18.2303
18.0464
17.9938
18.1967
18.3207
17.9447
18.2597
18.6714
18.004
18.099
18.0884
17.9279
18.3886
18.3613
17.9883
17.7459
18.0711
18.2126
18.3196
18.0072
18.0136
17.9843
18.3981
18.2153
18.0775
18.2225
18.3591
18.4331
17.8492
17.9042
17.9211
17.8262
18.2054
17.7414
18.11
18.6012
18.4953
18.1831
18.2117
18.1967
18.1934
18.3205
18.2547
17.8331
18.1731
18.9116
18.2363
18.2527
18.2585
17.9387
17.963
18.3542
18.2766
18.3116
18.2566
17.9613
18.2269
18.2386
18.0704
18.5171
18.5518
18.3383
18.2536
18.1231
18.3548
18.3108
18.598
17.9733
17.8027
18.0774
18.1006
18.1078
18.5499
18.208
18.1104
18.3145
18.2598
18.6546
18.2605
18.2581
18.4289
18.137
17.9576
18.3347
18.6456
18.5382
18.3024
18.6964
17.8037
18.2218
18.2118
18.5713
18.3314
18.27
18.3773
18.1494
18.1546
18.249
18.3778
18.191
18.1327
18.1407
18.2272
18.3186
18.28
18.3753
18.341
18.3987
18.4408
18.1824
18.3917
18.3053
18.4007
18.2739
18.586
18.1485
18.7081
17.9372
18.0954
18.0969
18.4823
18.2504
18.4032
18.4025
18.6627
18.3843
18.5439
18.0655
18.0177
18.2395
18.0543
18.2239
18.3136
18.2433
17.5013
18.4127
18.5083
18.3871
18.1306
18.376
18.3528
18.3589
18.503
18.6843
18.0146
18.0983
18.2478
18.8447
18.2918
18.5045
18.1776
18.3833
18.3495
18.2989
18.1347
18.5892
18.1666
17.6276
18.2042
17.8834
18.3531
18.3988
18.1872
18.1747
18.3605
18.3521
18.5825
18.161
18.5059
18.1853
18.6379
18.3735
18.4538
18.3599
18.33
18.1701
18.2605
18.4163
18.405
18.3675
18.4462
18.311
18.5428
18.075
18.2172
18.8415
18.2632
18.2965
18.1725
18.0698
18.4676
18.5438
18.3245
18.2815
18.4017
18.2247
18.0149
18.163
17.8544
17.9197
18.3359
18.125
18.3297
18.7199
18.4987
18.3932
17.973
18.6286
17.9667
18.3501
17.8194
17.9516
18.29
17.8721
17.8782
18.3425
17.9856
18.1469
18.6168
18.3988
18.0513
18.1844
18.53
18.2459
18.191
18.592
18.2371
18.3684
17.9075
18.2834
18.2192
18.4264
17.9484
18.1516
18.1764
18.0008
18.1379
18.4458
18.301
18.1456
18.0727
18.4098
18.2883
18.4965
18.1157
17.6578
18.1081
18.0342
18.3112
18.1637
18.1773
18.2769
18.2782
18.1991
18.2035
18.274
18.3752
18.1734
18.3818
18.3179
18.5449
18.4898
18.0578
18.4428
18.2546
18.0787
18.1929
18.887
18.2596
18.3038
18.4059
18.1926
18.5949
18.485
17.9798
18.1229
18.7694
18.2387
18.3315
18.2585
17.9641
18.4039
18.3789
18.156
17.9215
18.3845
18.113
18.3941
18.1983
18.2757
18.5542
18.7571
18.1761
17.8576
17.8484
18.44
18.5476
17.9235
18.5446
18.3766
18.3744
18.3009
18.3126
18.4632
18.3534
18.1643
18.5148
18.359
18.5672
18.2993
18.4221
18.5347
18.5474
18.2998
18.114
17.8272
18.2219
18.5751
18.1953
18.5649
18.1954
19.0659
18.5011
18.0762
18.3428
18.0517
18.3591
18.4631
18.3221
18.5237
18.4559
18.2311
18.0494
18.1855
18.2363
18.4948
18.3025
17.9916
18.2147
18.5351
18.3982
18.2309
18.0643
18.3167
17.946
18.0422
17.9605
18.3347
18.7133
18.294
18.102
18.2197
18.2615
18.1324
18.4577
18.221
18.3941
18.3868
18.5467
18.3196
18.4171
18.1696
18.3021
18.1053
18.019
18.6157
18.507
18.2507
18.0573
18.6097
18.2079
17.769
18.0529
18.2451
18.3796
18.5735
18.6067
18.1633
18.3616
17.7999
18.3352
18.0601
18.1532
18.2267
18.2144
17.7815
18.5403
17.9515
18.0766
18.1555
18.2568
18.0963
18.4529
18.636
18.4101
18.645
18.4402
18.1061
18.6743
18.2334
18.3483
17.9139
18.0347
18.4211
18.1726
18.264
18.0813
18.3723
18.0791
18.3741
18.1172
18.2885
18.0538
18.3422
18.637
18.2915
18.0326
18.1139
17.705
18.2905
18.2326
18.3332
18.3857
17.8324
18.0915
17.9044
18.509
18.1721
18.1893
17.9586
18.2532
18.3994
18.3628
18.6081
18.1815
17.6925
17.9722
18.0845
19.0234
18.088
18.3964
17.7925
18.2314
18.2546
18.432
18.0192
18.0924
17.9331
17.8769
18.339
18.3123
18.1553
18.0006
18.1016
18.1577
18.0394
18.0603
17.7414
18.11
18.2586
18.3046
17.7628
18.1551
18.3503
17.8
18.1927
18.3061
17.7774
17.9424
17.924
17.9043
18.0532
17.9289
18.146
18.389
17.9791
17.6857
18.0068
18.1766
18.1931
17.7637
18.4648
18.0914
18.1558
18.3895
18.2557
17.8865
18.0215
18.267
18.4689
18.2096
17.8766
18.3288
18.1505
18.2544
18.5694
18.0747
18.0648
18.4832
17.9363
18.0196
18.2786
18.074
17.8099
17.5941
18.0655
18.249
18.0627
17.843
18.1586
18.1051
17.9259
18.4165
18.2908
18.0851
18.0208
17.7324
18.3208
18.3238
18.287
18.0567
17.9984
18.3055
18.4722
18.0241
18.3729
18.2862
18.5116
18.3361
18.2426
18.0551
17.9169
17.9836
18.3131
17.967
17.9405
18.3578
18.2606
18.0846
18.3264
17.8314
17.8265
18.1
17.9198
18.4328
18.115
18.2156
18.3607
18.0023
17.751
17.949
17.8204
18.0092
18.0104
18.1642
17.7313
18.2845
18.2563
17.7578
17.8627
18.2179
18.1158
18.287
18.4477
18.1959
18.265
18.0546
18.1733
18.0329
17.8138
18.0537
18.5585
18.0164
18.0457
17.9328
17.9056
18.2362
17.8075
18.1
18.3763
18.1341
18.1742
17.9265
18.8618
18.3986
18.1303
17.9631
18.1734
18.0575
17.9886
18.1567
18.0393
17.6951
17.905
18.2524
17.6714
18.1189
18.1581
17.9284
18.345
17.7161
17.8928
18.2264
18.2382
17.7609
17.6056
17.7915
17.8992
18.1115
18.448
18.3351
18.181
18.0386
17.8188
17.803
17.9488
18.1282
17.8363
18.2516
18.2577
18.4937
18.0228
18.1958
18.2324
18.1621
17.5839
17.9075
18.29
17.9141
18.4051
18.2513
18.1842
18.0687
18.1758
18.1553
17.8577
17.8005
18.1185
18.4133
18.1891
18.3083
17.9169
17.7081
18.3008
18.2197
18.1715
18.069
18.0225
18.3168
18.0947
18.0522
18.0478
17.7608
18.3352
18.4436
18.2295
18.3849
18.239
17.9849
18.1419
18.3161
17.914
18.2488
18.2998
18.1411
18.2089
18.6274
18.2383
17.9784
17.6835
18.1591
18.3292
18.134
18.3915
18.2469
18.1737
18.0641
18.3531
18.0574
18.3107
17.8445
18.0178
18.0469
17.9146
18.4223
17.9829
18.1505
18.0751
18.005
18.2168
18.2996
18.1605
18.0335
18.3586
17.9704
17.9047
17.9328
18.2994
18.2915
18.2055
18.2229
17.9802
18.0017
17.8844
17.7696
18.1968
18.0565
17.9993
18.0235
18.4737
18.1767
18.332
18.4413
17.8022
17.8015
18.4502
18.0019
18.2378
18.5035
18.1612
18.138
18.4101
18.4439
18.2931
18.3906
18.1385
18.4715
18.2693
18.371
18.2605
18.2236
17.9535
18.5712
17.964
18.3318
18.2036
18.5336
18.5248
18.4276
18.0768
18.1344
18.1888
18.3958
18.4138
18.5021
18.5551
18.0955
18.0267
18.3955
18.1738
18.6219
18.1266
18.1186
17.847
18.1991
18.0801
18.2047
18.1888
18.2821
18.2802
18.3497
18.4553
18.26
18.2746
17.9421
18.2666
18.0966
18.0462
18.2098
17.9212
18.3219
18.3824
18.1485
18.0099
18.425
18.5289
18.2582
18.7823
18.1437
18.3058
18.0679
18.4128
18.2008
18.3547
18.0704
18.0765
18.2899
18.0717
18.171
17.9816
18.2629
18.6479
18.4718
18.2947
18.1078
18.1788
18.2088
17.9922
18.2764
18.1671
18.4299
18.034
18.4316
18.1692
18.0144
18.1713
17.863
18.0825
18.2183
18.5183
18.2637
18.3166
18.0957
18.3794
17.909
17.7554
17.982
18.1526
18.1853
18.0922
17.6527
18.1266
18.433
18.0678
18.2732
17.9069
18.2949
18.1034
18.2948
18.3056
18.1885
18.367
18.0506
17.8554
18.0242
17.7875
18.0794
18.3316
17.9433
18.0915
18.1157
17.6873
18.262
18.3855
18.1686
18.0863
18.304
18.0575
17.9203
18.6986
18.1949
18.0212
18.2919
18.2319
18.0669
18.03
17.8399
18.6013
18.1123
17.8571
18.3255
18.3612
18.256
18.4762
17.8329
18.1902
17.9384
18.17
18.2378
18.1202
18.1934
18.5643
18.4879
17.9036
17.8356
18.1031
18.4937
18.4751
18.2787
18.2917
18.4315
18.3171
18.5888
18.8038
18.3454
18.1932
18.1848
18.4184
18.3496
18.4147
18.4014
18.4603
17.9569
18.5797
17.9263
18.22
18.1212
18.633
18.5986
18.5105
18.2713
18.0854
18.3558
18.5091
18.1644
18.5036
18.3517
18.4417
18.5142
18.1896
18.0562
18.7004
18.1279
18.3041
18.3659
17.8234
18.095
18.442
18.3345
18.5106
18.5361
18.5772
18.2899
18.0282
18.3605
18.6369
17.8608
18.3119
18.692
18.3654
18.601
18.0237
18.6761
18.6077
18.1563
18.4027
18.4931
18.3188
18.296
17.9577
18.4065
18.3459
18.2651
18.1861
18.3919
18.4782
18.0204
18.2726
18.2197
18.1501
18.2166
18.4029
18.1886
18.5055
18.3626
18.3947
18.1715
18.4653
18.1756
17.892
18.4851
18.3125
18.2115
18.1944
18.2868
18.0493
18.5456
17.8662
18.6407
18.3501
17.9351
18.2343
17.9012
18.3814
18.194
18.5407
18.3916
18.4869
18.4508
18.0947
18.605
18.2657
18.4499
18.3419
18.3226
18.2221
18.2657
18.1428
18.8584
18.4038
18.6407
18.0973
18.1819
18.2013
18.0838
18.3118
18.6001
18.4464
18.3454
18.5202
18.1378
18.2072
18.1998
18.3585
18.3316
18.2196
18.5413
18.14
18.4361
18.3096
18.3638
17.9715
18.8366
18.2157
18.69
18.701
18.3058
18.3732
18.2087
18.4205
18.2457
18.3432
18.1645
18.3634
18.561
18.2573
18.3577
18.3575
18.5287
18.1008
18.6743
18.0174
18.0137
18.1343
18.2585
18.2045
18.4537
18.5253
18.716
18.5973
18.4131
18.5732
18.4814
18.0561
18.551
18.644
18.7581
18.8227
18.6934
18.4975
17.9963
18.3759
18.5005
18.1842
18.4586
18.5368
18.6498
18.4334
18.4287
18.489
18.3989
18.6906
18.778
18.138
18.303
18.246
18.6256
18.0557
18.3778
18.44
18.2047
18.2882
18.0634
18.821
18.4405
18.2444
18.2494
18.3578
18.6334
18.1865
18.4954
18.7317
18.6061
18.5272
18.4923
18.2739
18.3492
18.2151
18.5335
18.3367
18.7595
18.2078
18.0147
18.1002
18.2511
18.7654
18.5251
18.6512
18.5929
18.5458
18.1883
18.4636
18.0879
18.1566
18.8245
18.7465
18.39
18.2564
17.9503
18.3321
18.2813
18.3589
17.9691
18.299
18.3424
18.5373
18.4345
18.5314
17.5909
18.3957
18.2841
17.9952
18.2964
18.7496
18.4157
18.075
18.6165
18.3047
17.6373
17.9433
18.3254
18.1754
18.5076
18.6808
18.2636
17.5017
18.3169
18.632
18.3386
18.733
18.4171
18.5849
18.2911
18.2156
18.8001
18.3252
18.4203
18.311
18.1633
18.1792
18.3421
18.2183
18.4444
17.8773
18.0537
18.4456
18.1585
18.2493
18.4874
18.2588
18.1725
17.9689
18.4769
18.2425
18.3417
18.1664
18.6127
17.955
18.6052
17.9308
17.9453
18.0977
18.4568
18.1405
18.2523
18.5202
17.6762
18.2006
18.3107
18.1703
17.8658
18.3333
18.3024
18.0814
18.4618
17.939
18.057
18.0578
18.2299
18.0214
18.3821
18.1137
18.3585
17.9956
18.0718
18.3509
18.1993
18.0483
17.9226
18.797
18.1455
18.2915
18.3053
17.9204
17.9614
18.4533
17.8272
18.3179
18.2618
18.0872
17.9634
18.0019
18.4586
18.5436
17.7164
18.2807
18.3843
17.9992
18.0494
18.2129
18.2798
18.2028
18.0168
17.6887
18.3351
17.5577
17.9885
17.778
17.9127
18.2468
18.1449
17.8531
18.0525
18.2209
17.8698
17.6649
17.6328
18.3635
18.3276
18.4832
17.9322
18.4976
18.4051
18.1552
18.1745
17.8334
18.5
18.3552
18.2249
18.3506
18.1906
17.817
18.2843
18.243
17.8584
18.069
17.5275
18.4342
17.7745
17.7689
18.3116
18.4245
17.8437
18.2035
17.9124
18.1097
17.9456
18.2731
18.4418
18.3635
18.141
18.1866
18.4139
18.11
18.3331
18.4907
18.135
17.8733
18.3852
18.2244
18.3762
17.842
18.0884
18.3485
18.1687
18.3137
18.009
18.2533
18.3802
18.4394
18.2691
18.0796
17.9225
18.0202
18.587
18.298
18.1852
17.9525
18.223
17.9097
18.0461
18.0214
18.5452
17.7346
18.155
18.1571
18.2885
18.2741
18.2463
18.1792
18.0808
17.8414
18.2225
18.162
18.855
18.2091
17.7236
18.3447
18.546
18.1426
18.1509
18.6176
18.1841
18.7296
18.1461
18.0793
18.5254
18.365
18.144
17.8003
17.9864
18.2586
18.2112
18.0754
17.932
18.5245
18.2486
18.2216
17.9792
18.229
18.3131
17.8676
18.1758
18.1379
18.0279
18.5628
18.3159
18.0076
18.2256
18.2787
18.3797
18.3916
18.6003
18.131
18.1963
18.0626
18.3361
18.6849
18.3095
18.5191
17.9643
18.419
18.2533
18.4612
18.2153
18.2444
18.4038
18.1724
18.3853
18.4202
18.6203
18.3543
17.9826
18.4934
17.9993
18.3431
18.2933
18.1681
18.2509
18.2872
18.0011
18.1757
18.1931
18.0718
18.3469
18.1342
17.8831
18.0759
18.3133
18.0454
18.1618
18.5043
18.0996
18.191
18.5372
18.4237
18.1739
17.7431
18.5251
18.1326
18.5202
18.2061
18.0181
18.0272
17.9475
18.117
18.1019
18.3524
18.2692
17.8718
18.1427
18.0068
18.2814
18.8812
18.0571
18.2974
17.937
18.3027
17.8222
18.1935
18.033
18.579
18.2858
18.4199
18.1133
18.2347
18.0306
18.236
18.263
18.5244
18.2847
18.3871
18.0913
18.4049
18.3959
18.419
18.1518
18.4303
18.0236
18.6269
18.3008
18.23
18.4582
18.3856
18.249
17.8158
18.3204
18.2061
18.3765
18.2274
18.2463
18.0632
18.2679
17.7261
18.052
18.3878
18.1318
17.9749
17.98
17.8063
18.2298
18.1854
17.8592
18.2923
17.9567
18.2568
17.927
18.0663
18.3803
18.3215
18.3176
18.1856
17.8441
17.6914
17.8194
18.0072
18.1189
18.6275
18.4044
18.1727
17.993
18.1593
17.9621
18.1612
18.2344
17.9924
18.1311
18.3319
18.1628
18.2123
18.1249
18.7593
18.5345
17.7457
18.1357
18.3341
18.1771
18.6254
17.6755
18.1414
17.8416
18.0472
17.9539
18.2727
17.9653
18.1554
18.0869
18.5252
18.1796
18.5512
18.1432
18.4604
18.3997
18.1824
18.1224
18.7234
18.4068
18.2798
18.3868
18.0988
18.1381
18.2143
18.2722
18.1772
18.5278
17.6936
18.3589
18.4472
18.4748
17.9265
17.8821
18.254
18.2092
18.0081
18.2292
18.5477
18.3223
18.4348
18.3943
18.4085
17.899
18.3613
17.982
18.0201
18.2685
18.3262
18.3293
18.2288
18.1285
17.9384
18.1314
18.4122
18.3228
18.1715
18.3421
18.6623
18.115
18.5325
18.5278
18.2175
18.3666
18.5369
18.2363
17.7837
18.0269
18.2732
18.4758
18.0632
18.4723
18.4237
18.484
18.3686
18.5846
17.915
18.3533
18.042
18.0235
17.7728
18.6886
18.5255
18.2869
17.7571
18.1927
18.7176
18.3571
18.2852
18.4321
18.1595
17.8955
18.1559
17.9548
18.3941
18.1023
18.1566
18.3831
18.3182
18.2667
18.3322
18.6514
18.3088
18.0585
18.3154
18.0424
18.2292
18.1624
18.2924
18.1238
18.3365
18.4286
17.9038
18.287
18.4187
18.3044
18.2632
18.169
18.2303
18.3803
18.2413
18.3165
18.2385
18.063
18.4298
17.9841
18.0437
18.2232
18.1786
18.3278
18.3701
18.2791
17.9064
18.0969
18.2576
18.4937
18.3076
18.5439
18.471
18.6921
18.1541
18.915
18.4404
18.4663
18.3798
18.1681
18.3681
18.5063
18.5435
18.0876
18.5525
18.2676
18.7702
18.1126
18.1028
18.3607
18.412
18.2152
18.4053
18.0873
17.9694
17.9649
18.2298
18.1849
18.0824
18.582
18.1289
18.4302
18.6023
18.3042
18.3765
18.3529
18.4791
17.8479
18.091
18.4652
18.6645
18.8247
18.1942
17.8514
18.3588
18.6522
18.3955
18.3128
18.4539
18.2605
18.5115
17.9531
17.8445
18.6557
18.1076
18.3391
18.4986
18.4458
18.3205
18.5144
18.4228
18.2399
18.0582
18.6208
18.1866
18.6166
17.9833
18.2924
18.6226
18.2245
18.5875
18.5058
18.3003
18.8223
18.8137
18.1272
18.3581
18.4779
18.5808
18.0192
18.5013
17.9583
17.9711
18.5526
18.5298
18.292
18.792
18.755
18.6248
18.3842
18.517
18.1501
18.6005
18.2686
18.1416
18.2981
18.3345
18.2495
17.9308
18.0051
18.1527
18.4392
18.1106
18.6762
18.1142
18.555
18.2733
18.447
18.3933
18.4962
18.448
18.1156
18.2158
18.1877
18.4913
18.3119
18.4397
18.6855
18.1542
18.6016
18.4088
18.2614
18.3159
18.1531
18.2122
18.6895
18.4244
18.6254
18.1201
18.554
18.5307
18.4197
18.1414
18.1116
18.5897
18.2548
18.5557
18.2888
18.5302
18.5395
18.5493
18.0003
18.627
18.3633
18.554
17.8068
18.4121
18.4858
18.9949
18.2505
18.337
18.4204
18.6995
18.3871
18.4159
18.2933
18.1503
18.4991
18.6424
18.1916
18.6263
18.2071
17.6245
18.3208
18.073
18.6624
18.292
18.3527
18.3256
18.1923
18.5115
18.5328
18.6896
18.4966
18.6264
18.0613
18.1502
18.4375
18.3046
18.4166
17.9062
18.505
18.4999
18.5409
18.2002
18.4865
18.0263
18.3587
18.4083
18.2804
18.3047
18.3255
18.3647
18.1818
18.4476
18.0634
18.8406
18.1422
18.4874
18.26
18.0813
18.3315
18.1159
18.6138
18.3132
18.7128
18.474
18.2816
18.2876
18.6676
18.2908
18.5198
18.2806
18.5315
18.321
18.0798
18.3
17.9213
18.3924
18.6611
18.3814
18.6005
18.5503
18.5595
18.242
18.5887
18.2671
18.0932
18.3929
18.219
18.2639
18.3083
17.7772
18.6365
18.2848
18.4236
18.4129
17.5202
18.1116
18.2372
17.9768
18.4297
18.3755
18.1653
18.3014
18.5662
17.9171
18.2841
18.3356
18.2612
18.3844
18.3944
18.6347
18.1233
18.3509
18.2611
18.7002
18.478
18.5723
18.3092
18.5593
18.3796
17.9148
18.5747
18.1858
18.4092
18.199
18.3158
18.5205
18.1735
18.3893
18.1783
18.2585
18.2932
18.0131
18.6026
17.7333
18.1239
18.1289
18.3121
18.2208
18.6891
18.0616
18.5248
17.9921
18.5663
18.4139
18.2053
18.2315
18.5784
17.9961
18.3422
18.0907
18.7819
18.302
17.6776
18.3725
18.04
18.2725
18.2383
18.2442
18.1878
18.5262
18.5934
18.0287
17.8822
18.5119
18.2056
18.3297
18.4163
17.9648
18.3196
18.0299
18.8056
18.0994
18.0041
18.3224
18.0653
18.0134
18.3016
18.3065
18.1322
17.9642
18.3849
18.1807
18.0834
18.4635
18.1735
18.2777
18.3726
18.0338
18.4356
18.4197
18.1671
18.1387
18.0115
18.3151
18.1279
18.5025
18.4057
18.3588
18.5647
18.2458
18.2436
18.7363
18.4302
18.288
18.0526
17.7437
18.0271
18.3879
18.2394
18.2187
18.4305
18.5043
18.333
18.2096
18.804
18.3135
17.9026
18.4363
18.2919
18.1947
17.9048
18.0726
18.1429
17.9993
18.2712
18.0599
18.2859
18.3116
17.8952
18.2815
18.2956
18.1895
17.6692
18.6726
18.4957
18.0945
18.3647
18.6517
18.043
18.9224
18.3667
18.3521
18.4141
18.4042
18.1414
18.4563
18.4679
18.0582
17.9702
18.3697
18.1282
18.409
18.2578
18.3115
18.6612
18.7013
18.0839
18.645
17.8547
18.3811
18.0935
18.6953
18.5384
18.1936
17.9074
18.2675
17.8884
18.3723
18.1523
18.2637
17.9104
18.7182
18.1877
18.1804
18.3894
18.6008
18.256
18.3775
17.8389
18.649
18.1561
17.8917
18.1989
18.2989
17.958
18.1445
18.1239
17.8094
18.3474
18.0962
18.2355
18.5315
18.3623
18.458
17.8845
18.4115
18.0719
18.5526
17.9749
18.2412
18.028
18.4946
18.2794
18.1734
18.1861
18.0627
18.6043
18.1553
18.2388
18.2764
18.2223
17.9391
18.3688
18.1144
18.1566
18.1238
18.2693
18.5828
18.4726
18.4977
18.2393
18.5632
18.6197
18.6489
18.5607
18.3726
18.4552
18.5371
18.6648
18.6185
18.3071
18.2493
18.6938
18.6432
18.9777
18.3914
18.2817
18.47
18.7877
18.1331
18.6185
18.4579
18.8146
17.9163
18.3254
18.3098
18.4132
18.2025
18.3978
18.5764
18.3479
18.2518
18.1049
18.2119
18.4103
18.43
18.7636
18.3635
18.508
18.322
18.7292
18.3838
18.4142
18.293
18.6114
18.1136
18.1145
18.638
18.2066
18.5554
18.0948
18.4952
18.8598
18.3085
17.8131
18.5984
18.2693
18.6267
19.0907
18.6453
18.2504
18.4771
18.1955
18.3469
18.483
18.1723
18.1537
18.0918
18.1349
18.1126
18.4991
18.5404
18.6574
18.0991
17.8453
18.432
18.7851
17.9937
18.1967
18.131
18.4285
17.647
18.1754
18.4063
18.3845
17.7994
17.651
18.104
17.8928
18.2497
18.2819
18.1018
18.3181
18.2994
17.9383
18.2586
18.2377
18.2552
18.0994
18.1328
18.4274
18.3358
18.4222
18.2625
18.3099
18.2767
18.4898
18.1996
18.0722
18.3475
18.1374
18.1309
17.67
18.252
18.1498
17.9351
18.4238
18.1112
18.116
18.2115
18.3734
18.2105
18.3788
18.1927
18.3441
18.7523
18.0561
18.7207
18.0003
18.0367
18.5051
18.5048
18.5276
18.4196
17.9006
18.0874
18.3438
18.673
18.3071
18.5796
18.6555
18.1409
17.9116
18.1434
18.8389
18.555
18.3666
18.0555
18.5528
18.2826
18.4263
18.2538
18.5486
18.623
18.3877
18.2864
18.0692
17.9699
18.1081
18.2992
18.2978
18.4669
17.6767
18.0275
18.2888
18.4693
18.3694
18.13
18.2318
18.465
18.3323
18.2266
18.3335
18.4443
18.5568
18.7822
18.582
18.3083
18.0055
18.5443
18.523
18.4279
18.2664
18.6609
18.3392
18.4559
18.1652
18.5525
18.3544
18.3178
18.4477
18.5474
18.4367
18.4278
18.3623
18.4029
18.322
18.4326
18.29
18.2821
18.2851
18.3067
18.2347
18.1621
18.1909
18.4802
17.8078
18.3019
18.1022
18.2401
18.3468
18.4927
18.4895
18.5239
18.3679
18.2247
18.5272
18.2901
18.5513
18.2537
18.4781
18.2804
18.4085
18.2598
18.0916
18.2255
18.6769
18.2959
18.0631
18.3652
18.5568
18.4004
18.3371
18.2071
18.6997
18.311
18.2905
18.3177
17.8251
17.8943
18.1324
18.6473
18.4003
18.2874
18.304
18.3169
18.5439
18.3584
18.1871
18.0483
18.0157
18.1479
18.5328
18.1445
18.4401
18.1974
18.4385
17.9588
18.2875
18.117
18.2931
17.9112
18.7836
18.5572
18.5213
18.2547
18.0414
18.4232
17.9985
18.4909
18.4383
18.0898
18.4742
18.4934
18.6211
18.5659
18.3861
18.29
18.2318
18.2396
18.5588
18.5193
18.4083
18.2153
18.3539
18.0763
18.0274
18.1003
18.2189
18.1823
17.9596
18.6342
18.3236
18.2585
18.315
18.2347
18.2543
18.6001
18.1525
18.4323
18.1716
18.4653
18.7774
18.2774
18.3553
18.2561
18.5767
18.1577
18.5086
18.3584
18.3396
18.5547
18.2424
18.2303
18.5321
18.036
18.181
18.3983
18.0599
17.9457
18.4533
18.1294
18.5164
18.3371
17.8626
17.9822
17.941
18.3745
18.7616
18.297
18.5203
18.4792
18.4315
18.3792
18.4008
18.0877
18.0349
18.1588
18.5312
18.3591
18.2063
17.8348
18.3536
18.2305
18.574
18.2414
18.587
18.0902
17.9568
18.2262
18.0026
18.2377
18.5142
18.4968
18.0136
18.5414
17.9173
18.0582
18.2495
18.2934
18.4508
18.2686
18.2474
18.296
18.1546
18.1535
18.2644
19.004
18.5309
18.3469
18.4793
18.5701
18.4514
18.531
18.3917
18.428
18.2928
18.4234
18.6589
18.2354
18.2624
17.9216
18.1936
18.145
18.3077
18.3167
18.7314
18.5354
18.4601
18.0551
18.5155
18.6373
18.6136
17.9591
18.5519
18.1423
18.4169
18.4468
18.449
18.3371
18.7239
18.8124
18.2245
18.4571
18.5864
18.503
18.6753
18.2472
18.1986
18.6155
18.7419
18.5449
18.3481
18.3965
18.5706
18.6604
18.544
17.9353
18.0399
17.9545
17.8825
18.2686
18.5202
17.9476
18.1764
17.7895
18.0048
18.3042
17.9993
17.8217
17.9675
18.1151
18.1244
18.3512
17.931
18.2165
18.4507
17.8494
18.4582
17.7458
18.2506
18.3644
18.5529
18.6557
18.1387
18.175
18.7332
17.932
18.1774
18.0841
18.14
18.2695
18.1109
18.0511
18.0708
18.0738
18.2474
18.0976
18.1558
17.8028
18.2915
17.862
18.2453
18.4139
17.8367
18.2929
17.8982
17.6485
18.2446
17.778
18.3978
18.0312
18.2529
17.5477
17.9365
18.3848
18.0853
18.5053
18.6747
18.3155
18.3162
18.7368
18.4621
18.0284
18.03
18.1449
18.1593
18.1244
18.6594
18.4455
18.2049
18.0648
17.9753
18.069
17.9707
18.1344
18.1145
18.0304
18.1759
18.5477
18.2642
17.9904
18.3083
18.2807
18.3843
18.2014
18.1021
18.5417
18.0944
18.0539
18.2561
18.0712
18.2998
18.3777
18.0007
18.4533
18.2951
18.6035
17.9857
18.1057
18.0971
18.3187
17.5027
18.3195
17.8791
18.2521
18.0534
18.1438
18.0499
18.1146
18.1793
18.5806
18.6212
18.0417
17.5646
18.2129
18.2528
18.1902
18.1677
18.1337
18.5757
18.2888
18.3134
18.2289
18.4239
18.2375
17.7274
18.3974
17.7939
18.2749
17.9472
18.4784
18.034
17.9583
17.7691
18.0668
18.2022
18.1543
17.8189
17.7204
18.4464
18.2787
18.3021
18.0865
18.1283
18.3014
18.4946
18.1596
18.0296
18.5484
18.2583
17.8745
18.2902
18.0748
18.1208
18.2632
18.3407
18.2271
17.9943
18.3114
18.1977
17.9276
18.1089
18.2469
18.0323
18.4331
18.4342
18.4221
18.83
17.8805
17.8177
18.3774
18.4648
18.0756
18.0514
18.4702
18.3198
18.0875
17.9533
18.1321
18.0543
18.487
18.2082
18.6304
18.0608
18.2732
18.4634
18.0789
18.4665
18.4502
18.4609
18.0408
18.3465
18.2126
18.3492
18.3969
18.1819
18.3086
18.3119
18.3541
18.3025
18.3373
18.0919
18.0953
18.8511
18.178
18.5283
18.3887
18.2158
18.539
18.6227
18.4247
18.2707
18.2223
18.5672
18.6464
18.2139
18.3993
18.0821
18.3416
18.8375
18.6308
18.3376
18.0396
18.5603
18.2225
18.2309
18.6158
18.5785
18.5732
18.2115
18.4155
18.5486
18.268
17.8001
18.4611
18.0957
18.1119
18.3289
18.1174
18.6347
18.303
18.2802
18.4697
18.3701
18.4342
18.2457
18.6674
18.0682
18.6562
18.3096
18.5479
18.2545
18.2294
18.464
18.1616
18.2997
18.3179
18.1307
18.619
18.3967
18.6236
18.1984
18.5067
18.1572
18.7697
18.3191
18.6547
18.4433
17.8698
18.4474
18.2573
18.4731
18.5527
18.251
18.9563
18.4086
18.1451
18.4499
18.0781
18.4694
18.4482
18.1245
18.2427
18.0834
17.949
18.4838
18.4107
18.1815
18.2027
18.4356
18.4421
18.1538
18.4132
17.9393
18.2189
18.1656
18.3328
18.5683
18.1136
18.3429
18.4601
17.9566
18.4292
18.4809
18.6451
18.5134
18.4497
18.3895
18.3683
18.5366
18.0869
18.1302
18.2356
18.2865
18.3482
18.6317
18.3166
18.057
18.4463
18.2242
18.1954
18.1913
18.0154
18.1683
18.1381
18.3635
18.2045
18.1443
18.2839
18.1194
17.6965
18.2607
17.9849
18.4609
18.2761
18.0054
18.5726
18.0864
18.2587
18.0638
18.0621
17.9666
18.0393
18.164
17.8214
17.6855
18.0745
18.3558
18.1425
18.1417
18.0897
18.1097
17.8925
18.3613
18.4325
18.3959
18.3199
18.2591
18.1919
18.1455
18.1916
17.771
18.2957
17.8864
17.8599
18.3499
17.9495
18.3811
18.3924
18.5425
18.3385
18.5345
17.9932
18.352
17.8803
18.4704
18.3011
18.1922
17.9261
18.248
18.1049
18.4469
18.1871
18.391
18.0761
17.9978
18.0174
18.0601
17.7757
18.2307
18.249
17.7954
18.1376
18.3023
18.1575
17.9992
18.4041
18.038
17.9967
18.0473
18.3579
18.248
18.2557
17.9896
18.4173
18.0849
17.7448
17.8358
18.3857
18.26
18.1423
17.9576
18.0991
18.0729
17.9916
18.0811
17.7913
18.4538
18.3814
18.4882
18.3196
18.1637
18.3639
18.4301
18.338
18.2065
18.2697
18.3416
18.3729
18.0796
18.2496
17.9094
18.7965
17.8879
18.7808
18.3684
18.0745
18.6286
18.3549
17.8925
18.4251
18.231
18.3978
18.4417
18.4827
18.0962
18.147
18.5833
18.3415
18.5156
18.8966
18.7019
18.1681
18.4715
18.3894
18.6661
18.505
18.1658
17.9973
18.192
18.0327
18.5946
18.3853
18.4905
18.7911
18.0078
19.0042
18.3648
18.2976
18.9528
18.3851
18.3963
18.4001
18.3963
18.0096
18.3847
18.4187
18.6087
18.204
18.4376
18.259
18.309
18.2504
18.0886
18.3568
18.4328
18.7302
17.7134
18.3488
18.3436
18.5179
18.6814
18.1783
18.1406
18.4037
18.6699
18.2854
18.4194
18.5484
19.1757
18.6379
18.4504
18.8585
18.6149
18.5657
18.4496
18.3639
18.3617
18.2617
18.3906
18.4415
18.4703
18.4879
18.0985
18.1994
18.3381
18.2398
18.3637
18.0505
18.2477
18.2257
18.2919
18.5398
18.1621
18.4473
18.5069
18.0373
17.9035
18.2665
18.0164
18.5612
18.3019
18.2701
18.2189
17.9586
17.8815
17.9255
18.1678
18.1735
18.2195
18.1374
18.6376
18.0705
18.136
18.3082
17.9733
17.874
18.3548
18.1206
18.284
18.1729
18.1499
18.3763
18.4498
18.0742
18.2027
18.4611
18.0652
18.2936
18.1884
18.4575
18.5253
18.5557
18.4601
18.4208
18.3823
17.9309
18.6997
18.2792
18.253
18.5767
18.1433
17.9987
18.468
18.2603
18.0807
18.2
18.0412
18.3633
18.5958
18.2179
18.3473
18.1807
17.9541
18.4019
18.6597
18.3906
18.7423
18.402
18.3464
18.1889
18.6775
18.075
18.1954
18.5374
18.4783
18.197
18.1815
18.2128
18.5654
18.0823
18.2916
18.3104
18.4675
18.105
18.2896
18.4077
18.0434
18.5605
17.8144
17.8204
18.1575
18.4946
18.1877
18.3185
18.2614
18.0335
18.0975
18.8417
18.2003
18.2501
18.3457
17.9108
18.4547
18.3317
18.3681
18.1514
18.239
18.6101
18.2422
18.3255
18.6199
18.4525
18.4007
18.1433
18.1967
18.2362
18.0006
18.3872
18.0861
18.1718
17.8565
18.2284
18.2699
18.3541
18.0975
18.0335
17.9551
18.392
18.478
17.9061
18.2897
18.3865
18.3078
18.0691
18.5699
18.6618
18.3045
18.398
18.4793
18.3193
18.3065
18.5183
18.5738
18.2723
18.1895
18.1182
18.378
18.6833
18.5434
18.0001
18.274
18.1789
18.4263
18.4591
18.6703
18.0231
18.0351
18.1779
18.2103
18.3302
18.437
18.2415
18.274
18.396
18.0468
18.3143
18.5172
18.4302
18.3107
17.7381
18.4091
18.2661
18.5978
17.6346
17.7917
18.481
17.968
17.9194
18.4399
18.1057
18.2678
18.1449
18.2272
18.3143
18.2585
18.0972
18.011
18.1489
18.656
18.6144
18.4187
18.1608
17.8929
18.4144
18.3777
18.5851
18.1656
18.3156
18.0264
18.3845
18.1662
18.2554
18.2582
18.0173
18.1521
18.0662
17.9916
18.0429
18.3604
18.2678
18.2653
18.0735
18.646
18.0831
18.5067
17.9984
18.3756
18.399
18.4365
18.5222
18.3231
18.076
18.292
18.4482
18.7101
18.3695
18.734
17.9348
18.6662
18.3633
18.1288
18.2645
18.0562
18.4555
18.5148
18.6718
18.3669
18.2501
18.1585
18.5988
18.4807
18.2309
18.4035
18.2978
18.4866
18.652
18.6373
18.1855
18.1828
18.327
18.3119
18.5406
18.348
18.3011
18.1315
18.412
18.2541
17.8078
18.4707
18.7025
18.6455
18.4209
18.357
17.9706
18.4888
18.292
18.8709
17.9519
18.2929
18.3616
18.2304
18.2018
18.1404
18.0657
18.4401
18.4037
18.7138
18.299
18.5104
18.4484
17.8423
18.0961
18.3201
18.2914
18.1651
18.3426
18.2571
17.9844
18.2462
18.4721
17.9429
18.2536
18.1012
18.1302
18.2307
18.6339
18.1599
18.4649
18.6166
18.5018
18.4955
18.6553
18.0401
18.6607
18.2438
18.2488
18.1424
18.293
18.6923
18.4232
18.1445
17.9656
18.2318
18.6969
18.5225
18.6365
18.4925
18.1603
18.5561
18.5112
18.4014
18.4257
18.0272
18.6557
18.1027
18.4414
18.2345
18.4005
18.393
18.2696
18.2652
18.4968
17.923
18.0682
18.1859
18.2179
18.232
17.9071
18.2155
18.0831
18.1185
18.2149
18.1308
18.0001
17.8987
17.891
18.1297
18.3864
18.2051
18.1984
17.9427
18.3141
18.3046
18.3497
18.2197
18.0791
18.5822
17.9039
17.9173
17.9871
18.3852
18.1416
18.3322
17.8322
18.0571
17.818
18.1796
18.1227
17.7503
18.1858
18.3031
17.7361
17.9766
18.1894
18.0918
18.3774
17.6476
17.8667
18.0998
18.1038
18.195
17.7113
18.1319
17.9846
18.4267
18.426
18.2577
18.2094
18.1043
18.2612
17.7139
17.9931
17.8307
17.7912
18.2874
17.7069
18.2468
18.4389
18.0114
18.0581
18.2053
18.2061
17.9053
18.2887
17.7577
18.2212
17.9506
18.3589
18.1276
18.3444
18.1579
18.4611
18.4503
18.2635
18.12
18.1726
18.0959
18.2824
18.2645
18.3756
18.3468
18.5487
18.5648
18.2236
18.3881
18.6032
18.2558
18.4269
18.6077
18.0369
18.5959
18.2593
18.4049
18.469
18.2126
18.2514
18.3633
18.3587
18.4487
18.6957
18.528
18.259
18.3962
18.1969
17.617
18.0218
18.0682
18.1861
18.2954
18.078
17.9996
17.7511
17.6541
17.9864
17.9923
18.1696
18.4438
18.0734
18.3417
17.8728
18.113
17.918
17.9759
18.1843
17.7188
18.1158
18.3392
18.2821
18.0826
17.7868
18.0635
18.1099
17.9267
17.9023
18.2012
18.037
17.9721
18.1669
18.1183
18.3342
18.4102
17.776
18.3758
18.5545
18.3593
18.1447
17.9935
18.2455
18.2204
18.3699
18.4164
18.2696
18.303
18.4582
18.1526
18.1228
18.2436
18.6016
18.4757
18.3551
17.9573
18.5196
18.3115
18.2657
18.1476
18.0569
17.9538
18.2302
18.5403
18.2922
18.3891
18.3377
18.3902
18.1452
18.5617
18.302
18.4052
18.5431
18.4293
18.4594
18.2652
18.3703
18.1088
18.411
18.0165
18.0665
18.1386
18.5289
18.6372
18.5457
18.5163
18.6104
18.6822
18.3357
18.2975
18.1044
18.2974
18.3262
18.2456
18.1855
18.1281
18.3515
18.2449
18.4126
18.4301
18.0435
18.3248
18.2737
18.2938
18.5251
18.0902
18.0986
18.0315
18.1662
18.3662
18.1711
17.8186
18.1217
18.033
18.5414
17.7704
18.0553
18.2597
17.9883
18.0253
18.219
18.267
18.6187
17.834
18.3296
18.024
18.1784
18.5201
17.8393
18.2975
18.319
18.0477
18.4341
18.1141
18.3511
18.1028
18.0024
18.2561
18.2357
17.9014
18.2265
18.1038
18.1746
18.1673
18.347
18.5223
18.2317
18.0957
18.0775
18.4909
18.0104
18.5743
18.1979
18.2655
18.2905
18.1654
18.1715
18.612
18.0965
17.8417
18.1906
18.7503
18.7003
18.0862
18.4724
18.3972
18.2253
18.0381
18.1602
18.282
18.3836
18.2832
18.0795
18.6858
18.3242
18.2681
18.2569
18.3623
18.2612
18.1938
18.2766
18.552
18.026
18.4869
18.4656
18.0549
18.3318
18.0096
18.3854
18.3752
18.2785
18.4496
18.1631
17.9897
18.512
18.2
17.8068
18.1524
18.2384
18.1042
18.4228
18.2426
17.837
17.9565
18.4803
18.3046
18.3228
17.9644
18.295
17.9386
17.9873
18.612
18.2702
18.199
18.4836
18.3884
18.2637
18.3646
18.3505
18.2844
18.2437
17.865
18.354
18.237
18.0801
17.7483
18.2208
18.2977
18.2554
17.8613
18.5383
18.3078
18.6143
18.1889
18.4426
18.3872
18.1561
18.3037
17.769
18.0404
18.704
18.1011
18.3646
18.2841
18.6159
18.1591
18.2474
18.3887
18.1927
18.0854
18.1238
18.241
18.2801
17.835
18.5855
18.1176
18.0464
18.3275
18.3575
18.3487
18.3891
18.4547
18.3802
17.9418
18.4039
18.2659
18.1834
18.5246
18.1657
18.3009
18.0322
18.2858
18.1479
17.9852
18.1148
18.3947
18.5245
18.0201
18.4831
18.4156
18.1834
18.1911
17.9839
18.1232
18.0539
18.477
18.4551
18.2694
18.1186
18.3228
18.5973
18.3723
18.0985
18.4185
18.2969
18.0536
17.8801
18.303
18.1937
18.1787
18.163
18.5284
18.3871
18.0118
17.8889
18.06
18.0636
18.078
18.0834
18.2708
18.0244
18.3759
18.1222
18.092
18.2904
18.6509
18.2155
18.2427
18.3644
18.0344
18.3444
18.3192
18.4751
17.828
18.208
18.0386
18.1664
17.9965
18.0632
18.4587
18.1428
18.2071
18.0127
18.0907
18.2232
18.3411
18.2249
18.4027
18.3562
17.9237
17.9269
17.914
18.0929
17.7582
18.3882
18.0335
18.1222
18.1403
18.2004
18.4272
18.2699
18.2253
18.2236
18.2191
18.0582
17.9911
18.5232
18.0431
18.1209
18.196
18.2695
18.3979
18.292
18.2192
18.3441
18.3162
18.0737
18.437
18.442
18.2246
18.2687
18.0461
18.1984
18.0934
18.147
18.6016
18.2484
18.1326
18.2745
18.4017
18.327
18.2294
18.248
17.9315
18.2563
18.2602
18.1203
18.6218
18.3707
18.3088
18.1895
18.3794
18.0361
18.2379
18.3047
18.3411
18.4884
18.0302
18.2157
18.514
18.4255
18.0004
18.5553
18.6367
18.2553
18.6766
18.3801
18.5018
18.5596
18.1653
18.3536
18.8031
18.6168
18.3567
18.4452
18.111
18.6549
18.3491
18.3659
17.863
18.1594
18.0806
18.3812
18.1639
18.0921
18.1
17.7538
18.1611
18.0168
17.8927
18.0692
18.2522
17.5472
18.2392
18.0542
18.6441
18.1282
18.3614
18.3116
18.5426
17.9783
18.4243
18.1537
18.0619
18.1916
17.9222
18.0739
17.9853
18.2819
18.0032
18.1261
18.0107
18.2463
17.905
18.0427
18.133
18.0814
18.5742
18.2125
18.2901
18.373
18.1501
18.7211
18.2967
17.7703
18.4015
18.3719
17.8828
18.536
17.9498
18.0985
18.2113
18.4186
18.3753
17.9623
18.4432
18.3389
18.3221
18.1637
18.2057
18.4469
18.178
18.4907
18.6268
18.2326
18.341
18.3918
18.2111
18.2845
18.674
18.1894
18.5509
18.4629
18.0654
18.3559
18.3797
18.6972
18.0948
18.4932
18.0529
17.753
18.4033
18.8389
18.0235
18.3637
18.1793
18.2506
18.3388
18.3185
18.3557
18.426
18.1473
18.8135
18.4787
18.1866
18.1502
18.2807
18.484
18.2474
18.3678
18.2145
18.3393
18.5739
18.2334
18.7598
18.3104
18.3234
18.3211
18.2543
18.1175
18.256
18.345
18.0956
18.2849
18.2812
18.1851
18.6633
18.3741
18.4243
18.226
18.0964
18.2944
18.0609
18.5077
17.8039
17.9233
18.3665
18.3777
18.4219
18.1717
18.4055
18.464
18.2805
18.5707
18.5784
18.1218
18.0705
18.3588
18.2299
18.4195
18.2187
18.3132
18.0868
18.1996
18.2249
18.2846
18.1773
18.2855
17.8928
18.6123
18.2146
18.1407
18.0934
17.9957
18.4688
17.7305
18.1278
18.1285
18.1619
18.04
18.4201
18.2734
18.2733
18.3678
18.5064
18.4581
18.3796
18.064
18.4237
18.146
18.4005
18.4057
17.8532
18.1633
18.4079
18.2262
18.2511
18.2739
18.1298
18.0022
18.5445
18.3257
18.3679
18.1263
18.2807
18.0419
18.4664
18.1801
18.2339
18.3811
18.3716
18.0997
18.4535
18.2649
17.8815
17.7863
17.7466
18.0321
18.6469
18.0547
18.1405
18.2492
18.2351
18.1496
18.31
17.9011
18.3528
18.2218
