4.50963
3.86655
4.35445
3.97299
4.10576
4.14107
4.09428
3.7612
4.16406
4.39493
4.31921
3.82516
4.06947
4.2112
4.07957
4.23457
4.30348
3.87185
4.15275
3.677
4.39981
4.35397
4.24977
3.95437
4.36486
4.2454
4.37129
3.89064
4.157
3.90826
4.35922
3.98199
3.462
4.13116
4.14212
4.11887
4.08894
3.95381
3.96205
3.68422
4.05218
4.20156
4.17777
4.49014
4.25101
3.89611
4.83219
3.9729
4.06578
4.46647
4.02095
3.85237
4.36833
4.25723
4.00562
4.4329
4.21404
4.02243
4.47094
3.73712
4.77343
4.1548
4.14448
4.02942
4.28853
4.23428
4.10641
3.83025
3.9232
4.42131
4.11461
4.05472
4.03653
4.07168
4.50452
3.84114
4.11272
4.15811
4.16794
3.98686
3.71847
4.41168
4.46989
3.79023
4.11837
3.78519
3.80188
3.90394
4.05635
4.15761
4.25022
4.10626
4.03916
3.96937
4.28179
4.05606
4.38813
3.9996
3.91973
4.61204
4.01784
4.42069
4.41816
4.04634
4.0621
4.51773
4.01902
4.45135
4.41376
4.43768
4.28902
3.77305
4.12613
4.53014
4.10288
4.51615
4.68566
4.17689
4.62653
4.1836
4.28238
4.6344
3.84153
4.25061
3.96906
4.13132
4.30979
3.77678
4.32441
4.39528
4.35181
4.35814
4.29158
4.37369
3.59905
3.98571
4.17426
4.09968
4.32735
3.96097
4.32266
4.33678
4.19338
4.46815
4.53937
4.34464
4.07929
4.21572
4.22828
4.24545
4.56148
4.4901
4.23031
4.14376
4.21007
4.1054
4.41365
4.53868
4.41569
3.95396
4.08336
4.30603
4.36291
4.5068
4.46361
4.5056
4.25813
4.12626
4.23647
4.51252
4.43329
4.5091
4.47788
4.38441
3.89275
4.28929
4.51948
4.3204
4.24341
3.9755
4.3597
4.35085
4.23432
4.47609
4.42671
4.07712
4.3023
3.97847
4.37332
4.25102
4.19007
4.18324
4.27472
4.30631
4.10847
4.44604
4.43787
4.2309
4.19903
4.12813
4.28683
4.32579
4.11488
4.31123
4.48081
4.30874
4.14641
4.53626
4.04539
4.50909
4.25924
4.428
4.08561
4.34898
3.9307
4.45619
4.32427
4.53907
4.53678
4.27513
4.2789
4.45494
4.15068
4.27544
4.0883
4.24844
4.17139
4.09544
4.25772
4.09341
4.19101
4.30814
4.10551
3.43257
4.00892
4.57369
4.31064
4.30529
4.71068
4.43169
4.15709
4.62079
4.1331
4.24124
4.56667
3.78677
4.03544
4.69835
4.43264
4.2381
4.6189
4.51338
4.78041
4.44893
4.07075
4.46878
4.19041
4.1757
4.29679
4.45065
4.68111
4.19212
4.16278
4.5796
4.46874
4.43855
4.15885
4.43366
4.37028
4.28661
4.72526
4.2576
4.56442
4.02258
4.29617
4.23879
4.57997
4.40305
4.37738
4.02941
4.55966
4.59696
4.09499
4.09093
3.91055
3.97706
4.19066
3.60829
4.24899
4.44872
4.6423
3.87023
3.89605
3.92917
4.07269
4.17789
4.38384
4.32126
4.33603
4.11288
4.22199
4.08387
4.46577
4.47982
4.35903
3.87581
3.83309
4.45081
4.42688
4.21778
3.69465
4.25895
3.87693
4.28339
4.53588
3.85207
4.30569
4.515
3.77963
4.05407
3.97686
4.30037
4.19948
4.17216
4.31779
4.14456
4.11903
3.97659
3.94831
3.94299
3.6777
3.93541
3.87408
4.49005
4.52101
4.3243
3.90563
3.84447
3.95162
4.29552
4.22032
4.29831
4.36792
4.17815
4.2181
3.96051
4.01297
4.57508
3.90787
4.11731
4.1154
4.22965
3.96205
4.11803
4.23321
4.5021
4.03112
4.30899
4.14536
4.45569
3.90545
4.25136
3.92244
4.19075
4.19896
4.31753
4.10968
4.05257
4.06765
4.09683
4.17737
4.21851
3.98756
3.89398
3.99601
3.9636
3.93988
4.35455
3.9457
4.3918
3.79667
4.11245
3.83011
3.69687
4.2588
4.27212
4.53195
4.20391
4.22737
4.23726
4.18792
4.25131
4.0895
3.84343
4.17534
4.41525
3.80726
4.25092
4.25979
3.91622
4.1943
4.09427
4.67527
4.08379
3.92579
4.0931
4.04571
4.09307
4.00908
4.09577
4.45556
4.02475
4.29524
3.75748
4.20166
4.15079
3.96406
4.14654
4.15194
3.80074
3.97893
4.23879
4.10085
4.14741
3.84125
3.7338
4.14197
4.1017
3.99423
3.86441
4.26404
4.05989
4.02377
4.21281
4.20555
4.01944
4.1977
3.92155
4.32729
4.58964
3.78946
4.25609
4.13065
4.34752
4.42803
3.93553
4.22221
4.18979
3.8719
4.46944
4.68181
4.0336
4.30183
3.72978
3.82424
4.34301
4.23972
3.95389
4.03112
4.23582
4.32099
4.14074
4.35467
3.63376
4.13483
3.45684
4.01973
3.65361
4.39471
3.75462
3.94369
4.40942
4.30617
4.10872
4.31389
4.02803
4.11664
4.26129
3.88179
4.22195
4.17157
4.19007
4.2948
3.95104
3.81958
3.93924
3.91586
3.66755
4.3147
4.24996
4.16666
3.80205
4.03837
4.23953
3.87829
3.8926
3.93577
4.16201
4.13128
3.79474
4.36447
4.42979
4.26201
4.32623
4.48196
4.2597
3.75903
4.31644
4.70642
4.09716
4.23736
4.17387
3.93444
4.08055
3.87566
4.19737
4.15174
3.95248
4.16516
4.19504
3.89505
4.15563
4.1238
4.19302
4.36806
3.56466
4.53768
3.9371
3.63364
4.12704
3.53252
3.93686
4.04986
3.90834
4.02941
4.14078
4.08396
3.99914
3.9034
3.99861
4.5566
4.0431
4.11456
4.16005
4.04097
4.5934
4.13449
4.08557
4.39767
4.34788
4.2647
4.24835
4.227
3.92277
4.12902
4.21236
4.06966
4.30269
3.78601
4.08791
4.19508
4.11437
4.33324
3.88784
4.22402
3.79733
3.81229
4.19801
4.17101
3.96588
4.17986
3.9224
3.9399
3.87066
4.24045
4.17805
4.1794
3.86835
4.04672
4.21564
4.1875
4.2332
4.25388
4.19438
3.89809
4.32662
3.93817
3.87875
3.86567
3.61659
3.74401
4.25635
3.97121
4.35227
3.95471
4.07304
4.1216
3.9513
4.07555
4.19906
3.87856
4.34091
3.59378
3.87549
4.2011
3.64228
3.80574
4.04064
4.23355
4.11638
3.79107
4.02903
4.17578
4.04428
3.9836
4.00213
3.85183
3.78302
4.10816
4.27631
4.12365
3.6877
3.79815
3.85958
4.07461
4.27101
4.20676
4.13535
3.97319
4.0215
3.94519
4.52615
4.13166
4.53699
3.84704
3.88696
4.2589
4.01962
4.24596
4.1512
3.9231
3.73872
4.16727
4.41152
3.46491
4.55864
3.80946
4.25483
3.99714
3.92977
4.28395
3.58819
4.16081
4.38047
4.19721
4.141
3.91921
3.99918
3.61798
4.01327
3.7274
3.78383
3.90816
3.67612
3.65728
4.09837
3.93588
4.37583
4.32506
4.36915
4.16802
3.37918
3.31183
3.96774
4.5713
3.85313
3.57952
4.18027
4.15048
4.30558
4.23226
4.37764
4.1876
4.01878
3.9361
4.01283
3.99607
4.33563
3.93309
3.97712
4.10498
4.18094
3.75734
4.07562
4.24744
4.17987
3.84134
4.28118
4.20939
4.05537
3.99787
4.26395
3.41385
4.29124
3.93611
4.35714
4.03375
3.94852
4.04907
3.85948
3.98988
4.10224
4.08321
3.68782
4.35486
4.13198
4.02255
4.12178
4.33267
3.82413
4.14181
3.86506
3.97211
4.32469
3.80813
4.62389
4.26216
4.18764
4.01833
4.07312
4.42303
4.15856
4.056
4.37968
4.47244
4.17816
4.31339
4.21649
4.02916
4.37867
3.88832
3.88085
3.89654
3.94777
4.18032
4.10813
4.10294
4.42952
4.01463
4.06235
4.13579
4.10844
3.95279
4.33763
4.14795
4.56032
3.77538
3.93038
4.05159
3.99933
4.61635
4.07113
4.19739
3.71296
3.99615
4.56616
3.82896
3.77282
4.04837
3.84036
4.31399
4.03219
4.35889
4.08426
3.99017
4.00617
3.96568
4.20233
4.01182
3.87103
4.5525
4.03977
3.94981
3.89437
4.08546
4.30476
4.32374
3.69556
4.1418
4.07849
4.22158
4.1505
4.16272
4.14179
4.26115
3.87172
4.03221
3.85755
4.01736
3.73428
4.23333
4.06854
4.06863
4.12519
4.01147
4.11388
3.99191
4.09612
4.40444
4.05912
4.24956
4.12723
3.57113
3.84228
4.34191
3.1238
4.68432
3.97397
4.29164
4.13841
3.8746
4.4828
3.9783
3.74997
4.22113
4.41492
4.39759
4.20799
4.2298
4.03352
4.29248
4.31713
4.09367
3.70245
3.95688
4.00906
4.03305
4.1439
4.31147
4.05711
3.59201
4.14172
3.76376
4.22606
4.08604
4.1517
4.31574
4.09917
3.89155
3.74137
3.92402
4.20179
3.73562
3.96793
3.50198
3.98481
3.85543
4.06969
4.06017
3.99756
4.51245
3.94943
3.77017
4.10904
4.43647
3.82103
3.70621
3.8788
4.31878
4.16737
4.16659
4.29662
4.33767
3.64402
3.87582
4.09738
4.44322
4.15716
3.83404
4.2428
3.75111
3.98346
3.98833
4.02664
4.05412
3.9795
3.88258
4.22163
3.98203
3.92591
3.79278
4.13099
3.95888
4.13833
4.34029
4.21096
4.10343
3.84908
3.96778
4.19104
4.43452
3.78527
3.84927
3.82309
3.92585
3.90729
4.08768
4.35437
4.32617
4.148
3.96775
3.5506
3.93357
4.0371
4.10349
4.17966
3.93804
4.2561
4.28989
4.27561
4.55254
4.38119
3.54431
4.1461
4.12629
4.11621
4.45752
4.08669
3.96038
3.8571
4.16371
4.12863
4.51072
4.00215
4.35743
4.04817
4.07767
4.14094
3.96661
4.26231
4.02748
4.09378
3.88539
4.34051
3.78051
4.67158
4.48253
4.12822
4.09608
4.40866
3.99411
4.20123
4.28198
4.33668
4.14153
4.41593
4.34281
4.15342
4.79895
4.36232
4.57721
4.66725
4.39822
4.30527
4.14741
4.35085
4.74945
4.05839
4.22836
4.27342
4.04913
3.89987
4.04063
4.62298
4.41937
4.38756
3.87842
4.30488
4.08318
4.14328
4.14608
4.32969
4.54206
4.28428
4.39051
4.4462
4.38407
3.77158
4.33759
4.41799
4.41209
4.64128
4.19692
4.38338
4.39775
4.29616
3.97289
4.00913
4.62814
4.45597
4.42374
4.27303
4.38583
4.45328
4.23793
4.44349
4.24204
4.29017
4.45493
4.21745
4.35657
4.46659
4.40297
4.13152
4.50783
4.1971
3.97937
4.54684
4.4282
4.32675
4.51303
4.45083
4.19826
4.8443
3.76076
4.12276
4.07769
3.97955
4.34928
4.88379
4.62016
4.4049
4.31819
4.33903
3.94629
4.07611
4.35457
4.29815
4.46439
4.11071
4.09871
3.71175
4.04072
4.0948
4.03492
4.1686
4.21464
4.18221
3.85181
4.11074
3.69769
4.3515
4.35675
4.50485
4.58932
3.92691
4.11792
4.26249
4.09877
4.1844
4.10834
3.92239
3.79068
4.06291
3.99897
3.79992
3.87742
3.98505
4.26029
4.081
4.0098
4.14296
4.04905
3.89729
4.23945
4.1529
4.32354
4.18489
3.991
3.79
3.9018
3.8788
3.6734
4.22193
4.43715
4.22495
4.17986
4.1001
4.32352
3.96861
3.82576
4.09241
4.37096
4.05831
4.01385
4.2675
4.36158
4.51562
4.23929
4.19342
4.05386
4.19286
4.20428
4.11366
4.2088
3.70638
3.71783
3.99696
4.04444
4.25134
4.05663
4.27901
4.28158
4.05823
4.0217
4.07763
4.10355
4.17738
4.48925
4.21984
4.08072
3.66139
4.42812
4.21251
4.04774
3.65735
4.27367
4.02108
4.22698
3.67774
4.33074
4.09656
4.39083
4.06909
4.25687
3.91711
4.21136
3.68963
4.11875
3.92331
4.03117
4.15099
3.82213
4.11698
3.73139
4.24493
3.98981
3.64246
4.05652
3.94784
4.08627
4.10975
3.95952
4.25286
4.34008
4.00518
4.1895
4.22653
4.10811
4.28539
3.85381
3.79706
3.99974
4.18374
3.97806
4.16401
4.14222
4.01853
4.41742
3.93911
4.70304
4.18032
3.91688
4.10928
4.16806
4.24055
4.05833
4.19374
3.91659
4.01603
4.22183
4.23902
3.95766
3.8287
4.2065
3.80627
3.91153
4.26129
3.71065
4.4105
4.07229
4.20301
4.5147
4.14913
4.23405
4.17115
3.93278
4.20562
4.32059
4.55348
3.96776
4.06495
4.08066
4.11973
4.22463
4.12669
4.37945
4.22256
3.48354
4.11984
4.39593
4.48483
4.45942
4.51206
4.26244
4.07032
4.45672
4.24429
4.24332
4.56502
4.30167
4.47951
4.30445
4.12684
4.43128
4.30401
4.86147
4.52599
4.09604
4.12363
4.06297
3.91743
3.98854
4.57867
4.43669
4.49042
4.37205
4.00957
4.0188
3.99157
4.18685
3.95476
4.84064
4.32534
3.97051
4.62315
4.55268
4.41613
4.15666
4.41646
4.15514
4.28469
4.84476
4.4705
4.50711
3.88874
4.74857
4.23179
3.75221
4.5026
4.14428
4.47165
4.24737
4.17668
3.94692
4.14919
4.51802
4.16339
3.81259
4.47937
4.04716
4.63955
4.34009
4.20422
4.23062
4.19535
4.6294
4.36615
4.32624
4.3075
4.37453
4.30892
4.37065
4.40471
4.26465
4.15738
4.29625
4.22026
4.1917
3.72523
4.25545
3.97856
4.52543
4.35997
4.02855
4.30656
4.10002
4.1062
4.33664
4.18205
3.93683
4.0857
4.11647
3.74047
4.04259
3.99497
4.27225
4.26807
3.89392
4.50681
3.6224
4.06475
4.12005
3.97925
3.78711
4.17955
4.08019
3.69596
3.98482
3.97299
4.15826
4.27036
4.10364
3.47445
3.91132
3.71487
4.10596
3.80517
3.87984
3.97829
4.32991
4.36665
3.96451
4.20321
3.97462
4.19431
4.19129
4.02728
4.38182
4.24139
3.96952
4.12936
3.71613
4.18015
3.75973
4.02539
3.88021
3.71442
3.91081
3.84703
4.15627
4.18987
3.91981
4.25251
4.19376
3.9536
4.19773
3.9859
4.14369
3.92257
4.26178
4.26099
4.05765
4.3018
4.2618
3.95324
4.44417
4.16498
3.9721
3.88805
3.77622
3.81625
4.03222
4.13838
3.96246
4.1323
4.10212
3.88167
4.0112
3.83527
3.92948
4.07222
3.96372
4.35082
3.72439
4.32325
3.95025
3.9823
4.42475
3.74198
4.03846
4.25851
3.90398
4.08383
3.81844
4.59775
4.26788
4.29411
3.78041
4.14986
4.09396
3.76828
3.88632
4.60199
3.84859
4.02505
4.0534
4.06297
4.16298
4.25646
4.01944
4.38271
4.34025
3.6875
4.01245
3.77222
3.9802
4.25143
4.30123
4.02697
3.82909
4.45062
4.01293
4.52642
4.2755
4.30054
3.62356
4.05796
3.96887
4.42392
4.36078
4.14437
4.12213
3.96962
4.29974
4.06982
3.93695
4.52774
4.28357
4.24534
3.68415
4.22864
3.72344
3.82971
4.27658
4.00996
4.26645
4.08195
3.74402
4.0246
3.92063
4.54674
3.79666
4.12745
3.82602
3.94853
3.66969
4.2182
4.26032
4.26181
4.33312
4.29011
4.06665
4.27177
3.89008
4.24269
4.45678
3.82622
3.84489
4.19906
4.48294
3.85699
3.88928
4.28479
4.02714
3.477
4.4299
3.62986
4.11082
4.29541
4.16822
4.08839
3.72129
3.96564
3.67072
3.63335
4.10413
4.06684
3.60623
3.70906
4.08346
4.02134
4.37903
3.75023
3.70777
4.14446
4.18917
4.29975
3.95631
4.09353
3.97051
3.82786
4.25033
3.97578
4.21057
4.02136
4.2204
4.20548
4.30197
3.63797
3.91714
4.12956
4.04019
3.91478
3.82583
3.96869
4.19712
4.08531
4.27968
3.95272
4.39325
4.219
4.15233
4.04673
4.02602
4.16932
3.6291
4.27676
4.07318
3.95852
4.21352
3.95065
4.16739
4.14731
4.4868
3.98153
4.00679
4.06398
4.1688
3.89231
3.64123
4.18094
4.02666
4.01013
4.03493
4.09127
3.97227
3.68399
4.10328
3.81086
3.79253
4.08294
4.06462
4.00363
4.02185
4.19203
3.97392
4.04883
4.45815
4.04767
4.25674
4.37698
4.13311
4.19959
4.28783
3.98838
3.72565
3.61187
3.9611
4.41889
3.63973
3.86109
3.85311
4.1627
4.14142
4.3751
4.05499
4.37937
3.98187
4.23206
3.78818
3.87048
3.68769
4.00655
4.48985
3.80551
4.00867
3.9889
4.22427
4.32602
4.18949
4.09812
4.04095
4.05979
3.77058
3.95033
4.11447
4.1587
4.17363
4.10158
4.29332
4.26083
4.1954
4.24205
4.5925
4.2994
4.05175
4.30757
4.05377
4.56549
4.10044
4.25282
3.58227
3.87222
4.08252
3.84134
4.09837
3.8565
4.04617
4.4038
4.06354
3.96878
3.97767
3.9262
4.33358
4.38989
3.91437
3.80371
3.98186
3.96634
3.90774
4.0551
4.14441
3.67322
4.02314
4.20374
3.82867
3.87345
3.89454
4.20267
4.03135
4.04348
4.47669
3.72679
4.0712
4.25611
3.87985
4.38742
3.74149
3.98263
3.75808
3.99612
4.45356
3.97025
3.88938
4.24314
4.22141
4.0753
4.14069
3.99686
3.65921
4.07359
3.71918
3.75138
4.2381
4.43392
4.16148
4.02956
4.12869
4.38655
3.82547
3.98131
4.13326
4.06983
3.88312
4.31907
4.09113
3.95802
4.12078
3.69925
4.48008
4.06462
4.04613
4.62206
3.94577
3.98218
4.32713
4.30758
4.09347
4.17386
4.22728
3.68521
4.48561
3.74099
3.76902
3.91113
3.94373
4.11557
3.7655
4.23162
3.98582
3.78092
3.97458
4.07346
4.17189
4.40333
4.115
4.16104
4.32437
3.61717
3.9892
3.99058
4.35639
3.91505
4.45533
4.15774
3.98219
4.02168
3.93365
4.42428
4.37755
4.01654
4.20905
4.05121
4.30836
4.27036
3.66326
3.9872
4.17186
4.09838
4.43564
4.25642
4.21105
4.2345
4.03646
4.26072
4.0805
3.97115
3.81592
4.25076
4.08165
3.82023
4.22361
4.15299
4.64564
4.12955
4.00402
4.32873
4.01371
4.17884
3.81276
4.11445
4.06019
4.44324
4.10109
3.56691
4.44021
4.16422
4.04499
3.67092
3.94121
4.20939
3.87006
4.21849
4.246
4.28477
4.36212
4.44009
3.7982
4.13095
4.32144
4.0989
4.10927
3.83495
3.91167
4.01212
3.83962
4.00505
4.17588
4.22277
4.50142
4.20683
3.65667
4.02821
3.83981
4.41496
4.38209
4.27926
4.03371
4.16605
4.03537
3.64948
4.26822
4.36748
4.13721
4.15064
3.8997
4.04174
4.14782
3.95302
4.57222
4.49377
3.72858
4.37497
3.94469
4.00803
3.75728
3.75662
3.64529
3.75557
3.94775
3.83968
4.35687
4.14422
3.91626
3.49375
4.12513
3.8408
4.01612
4.31375
3.95188
3.97084
4.27463
4.20476
4.03714
3.99093
4.2811
3.91137
4.34099
3.93473
4.22157
3.93944
4.25433
4.02828
4.24575
4.11746
4.03888
3.81159
4.15059
4.0554
3.84027
3.79752
4.12184
4.28266
4.23981
4.10917
3.8694
3.9341
4.02235
4.11406
4.01757
3.97926
4.19724
4.02747
3.86535
3.55306
3.99711
3.49385
4.29258
4.02071
3.96847
3.65664
3.82692
4.17122
4.34799
4.06203
4.17099
3.62343
3.83663
4.02022
4.35145
3.64812
4.08441
4.36222
4.22273
3.78714
4.27464
4.54138
4.20955
4.13544
4.39595
4.21188
4.16973
3.65368
4.17529
4.12133
3.80184
4.18304
3.70606
3.92907
3.58264
4.06625
3.9258
4.12953
3.56615
4.29525
4.19752
4.61106
4.38502
3.9954
3.96527
4.37805
4.06381
4.22569
4.20007
4.23162
4.23309
3.82597
4.40761
4.26508
4.19404
4.27586
3.85126
4.02947
3.93374
3.85773
4.27377
4.45654
4.29357
3.85342
4.48601
4.18367
4.10106
4.40136
4.05343
3.95493
4.13725
4.0601
4.14336
3.77698
4.07028
3.95635
4.13646
4.13775
4.43748
4.07796
4.03207
4.06877
4.59792
3.96889
3.99836
4.22843
4.2175
4.21595
4.17746
4.39816
3.90203
4.24517
4.15761
3.8664
4.4318
4.58439
3.86
4.29841
4.04558
4.16522
4.21509
3.88791
4.11706
4.27763
4.31325
4.25051
4.05831
4.10433
4.00236
4.09087
3.95423
4.26116
3.97111
3.81936
4.0304
3.95413
3.93996
4.1488
4.14075
4.15649
4.25476
4.20647
4.13603
4.13817
4.21485
4.30452
3.95967
4.59932
3.94118
4.45468
4.15461
4.19565
4.30751
4.11298
4.05058
4.01208
4.09217
4.23778
4.36163
4.24858
3.62343
4.53771
4.39246
4.07628
4.30479
4.35177
3.86462
4.13625
3.94205
3.77048
4.10222
3.87451
4.32476
3.86359
4.15333
4.26228
3.74932
4.39987
4.05239
3.46149
3.83228
3.94002
4.43307
4.15701
4.34825
4.0049
4.18749
3.83894
4.40725
4.27252
3.98336
4.08157
4.24712
4.16806
3.85603
4.35742
4.25862
3.73411
3.75418
4.19697
4.12351
3.7922
4.28228
4.05344
4.11168
4.08103
4.23807
4.03958
3.76158
3.98967
4.17655
4.38056
3.74603
4.13416
3.88568
4.21651
3.93997
3.85198
4.47159
4.69511
4.13031
4.16828
4.17692
4.5363
3.93411
4.48073
4.08693
4.07469
4.01498
4.47391
3.95269
3.60204
4.06034
3.99009
4.26015
3.78692
4.19966
4.11941
3.82313
4.41929
4.353
4.44557
3.8838
4.29632
4.35055
3.81579
4.20935
3.91288
4.02405
3.67637
4.07198
3.96477
4.2253
4.13964
4.21984
3.82468
3.88956
4.40986
4.17513
4.46963
4.1421
4.29074
4.08122
4.14865
4.31745
4.35711
4.48574
3.73292
4.33809
4.12628
4.13846
3.67126
4.27564
4.16552
4.18959
3.73793
4.20313
4.04296
4.0271
3.90898
4.1621
3.93207
3.97829
4.06467
4.4423
4.66339
4.08544
4.58303
4.28644
4.5927
4.14752
3.84282
4.05938
4.30309
4.32152
3.97162
3.94705
4.53928
4.2919
4.14387
4.73422
4.25408
4.33046
4.00534
4.0522
4.06775
4.46794
4.02414
3.92097
4.41375
4.3158
3.952
4.24662
4.21884
4.50814
4.0013
4.17851
4.04136
3.78097
4.19675
3.65228
4.54162
4.61323
4.06279
4.12257
3.92895
4.12795
4.00429
4.0302
4.33767
4.27173
3.91348
3.96393
3.95041
4.41183
4.46159
4.5753
4.37836
3.61969
4.57474
4.53104
3.9068
4.69946
3.71915
4.10653
4.42242
4.08334
4.11615
4.3933
4.04206
3.64254
3.73195
3.96175
4.10872
3.97159
4.20785
4.25733
4.3557
4.12769
4.12038
4.00334
4.08836
4.12239
4.10763
4.00527
4.21519
4.52801
4.24263
4.04554
3.999
4.45568
4.15904
4.16414
4.28776
4.49476
3.82068
4.39569
4.03884
4.0899
4.3678
4.42282
4.11821
4.12319
4.04171
3.96418
4.10313
4.52104
3.95711
4.32448
3.87294
4.24266
4.23715
3.94367
4.17909
4.00675
3.84963
4.1966
3.78282
4.28089
4.59804
4.723
4.14873
4.35134
3.86672
4.18066
3.67154
4.02017
4.30079
4.12904
4.55032
3.86352
4.28625
3.94507
4.4478
4.00017
4.09029
4.38017
4.01338
4.47966
4.19092
4.25778
4.20721
4.44388
4.26176
4.01558
4.00192
3.84825
4.30731
4.14185
4.10242
4.06235
4.27729
4.27101
4.38308
4.02622
4.01608
3.99127
4.19779
4.12751
4.23867
4.21598
4.41203
4.03893
4.1762
4.17274
4.30109
3.90938
4.40206
4.33343
3.9973
4.2334
4.29635
4.68648
4.17828
4.00387
3.89675
4.17033
4.14522
4.38057
4.62936
3.66807
4.75898
4.2643
4.16457
4.05543
4.30186
4.47483
4.12748
4.26395
4.06323
3.76466
4.22488
4.23005
4.21515
3.97672
4.03515
4.56235
4.49705
4.18933
4.00849
4.06084
4.60948
4.38749
4.18642
4.35212
3.96756
4.04163
4.62078
4.05224
4.47158
4.51235
4.48311
4.12264
3.77158
4.15087
3.75049
4.13759
4.16356
4.34751
4.13033
3.99411
4.35876
3.9578
4.33759
4.54785
4.41774
4.12493
4.15985
4.1815
3.98561
4.4681
3.85054
4.34601
4.07009
4.38093
4.16212
4.43658
4.23562
4.15222
4.47025
4.19018
4.13098
3.81499
4.20077
4.3568
3.76262
4.59801
4.08991
4.1925
3.9417
4.3609
4.5281
4.21921
4.28555
4.65816
4.34186
3.93262
4.40312
4.30934
4.3347
4.31711
3.90212
3.91507
4.14397
4.08007
3.89342
4.09259
4.01617
4.38975
4.42204
4.19441
3.90949
3.87829
4.59519
4.06567
4.31205
4.4044
4.26737
3.88668
3.6806
4.21512
4.03722
3.76166
3.89461
3.86828
3.42801
3.66152
3.52013
3.98073
3.85453
3.73488
3.82902
3.92813
3.96908
3.91167
4.10242
3.67198
4.32331
4.16291
4.296
3.98028
3.87394
3.94642
4.13914
3.86084
4.02503
3.95721
3.95445
3.97499
3.72618
3.92735
3.78187
4.03475
3.96346
3.88844
3.74735
3.89193
3.85187
3.76293
4.11738
4.15543
3.44291
4.15913
3.87024
4.32557
4.0519
3.8725
3.96927
3.63729
3.74187
4.04277
3.84452
3.83111
3.77468
4.11489
4.24329
4.35774
4.08622
3.8262
3.96393
3.90144
3.67545
3.70204
3.9417
4.06381
3.96593
4.12065
3.96294
3.72828
4.48788
4.41995
4.016
4.14382
4.38509
4.22942
4.20851
4.39824
4.20615
4.26852
3.88572
4.31124
4.275
3.9647
4.22072
4.15451
4.49581
4.37405
4.90162
4.32042
4.13709
4.34567
4.28953
3.9607
4.4909
4.09856
4.20378
4.56295
4.24152
4.22053
4.00698
4.42098
4.01552
4.0476
4.57074
4.61404
4.5397
4.19885
4.25396
4.23013
4.09543
4.13891
4.21325
4.23219
4.13698
4.61209
4.5022
4.24863
4.18014
4.22384
4.55925
4.58301
4.47929
4.17812
4.43098
3.97061
4.23864
4.24895
4.2637
4.67394
4.23537
4.52574
3.90313
4.04762
4.14154
4.52486
4.45461
4.0727
4.09908
4.27466
3.98692
3.70293
3.94776
3.88595
4.02059
4.03507
3.43193
3.74239
3.84723
3.77914
3.85946
3.88618
3.81805
3.88533
4.24934
4.04351
4.06593
4.03906
3.92635
4.23089
4.08009
4.02531
4.13417
4.29816
4.1386
4.04011
3.99231
4.19108
4.50019
4.27567
4.35153
3.86955
4.0425
3.7595
4.45008
3.63437
4.05217
4.11663
3.85171
4.00937
3.7797
3.73024
4.35609
3.99012
4.48139
3.84586
4.17684
4.13143
3.70746
4.28621
4.05613
3.82796
4.48923
3.38808
3.89816
3.98155
4.02588
3.51841
3.39597
3.57835
3.7889
3.61318
3.61943
4.03119
4.36573
4.19402
4.03516
4.23687
4.02654
4.44447
4.40622
4.13576
3.95117
4.08979
4.625
4.06733
4.10443
4.13991
4.14218
4.47588
3.93099
4.31802
4.3264
4.27883
4.36824
4.44161
4.01134
3.975
4.27155
4.306
4.5658
4.14662
4.2925
4.18305
4.26853
4.3834
4.65471
4.46317
4.3652
4.26496
4.63415
4.42014
4.33124
4.34103
4.58977
4.58329
3.9629
4.21151
4.31796
4.22388
4.39129
3.80864
4.51711
4.22666
4.25912
4.31953
3.99825
4.19688
4.06297
4.19533
4.39909
4.17221
4.34936
4.23599
4.34613
3.81996
4.35025
4.01023
4.3344
3.78909
3.79102
4.33883
4.62495
4.68659
4.11416
4.51559
3.91607
4.48789
4.02221
4.2271
4.12811
3.84137
4.09184
4.0456
4.04414
4.51043
4.12085
3.97255
4.12407
4.2198
3.91225
4.04539
4.28213
4.21639
4.52867
4.34938
3.95188
4.19656
4.23995
3.98823
4.30833
4.02989
4.03458
4.45455
3.81987
4.74632
4.27413
4.00823
4.24271
3.96439
3.96336
4.13722
4.01742
4.13936
4.42368
4.35761
3.91106
4.35211
4.34358
4.30841
3.79157
4.08119
4.09531
4.05727
4.14645
4.17786
3.89397
4.41517
3.99408
3.90015
3.99257
4.14217
3.99484
3.83374
4.45179
3.90366
4.16903
3.79482
3.61213
4.40091
4.25108
4.15368
4.19809
3.65012
4.28399
4.09194
4.13675
4.01487
3.88527
3.72925
3.85549
3.95067
3.60102
4.13212
4.08997
3.81125
3.74313
4.27756
3.92511
3.94979
4.22672
3.89316
4.00474
3.98543
3.99332
3.97818
4.25536
3.98459
3.92433
3.73334
3.65282
4.32134
3.94022
4.13177
4.01433
4.17301
4.00024
3.85236
3.9574
4.2048
3.65791
3.53538
3.97787
3.99939
3.78038
4.41601
3.90709
3.79808
4.21283
4.12711
3.80721
4.04285
4.11722
3.93763
3.85591
3.94761
3.88118
3.90738
4.16201
4.23462
4.11261
3.87365
3.83888
4.19041
3.77902
4.03628
4.15899
4.07026
3.82685
3.68384
3.96871
4.06655
3.66849
3.91784
4.26823
4.14087
4.27605
4.01582
4.01549
4.24452
3.9874
4.32719
4.25445
4.07107
4.1128
4.10902
3.85062
4.25546
4.03099
4.40244
4.30364
3.73504
4.23893
4.07509
4.28532
4.22065
4.61378
3.96461
3.99956
4.05463
4.22439
4.06865
4.14168
4.29477
3.88225
4.2431
4.53058
4.17069
4.0828
4.05086
4.20655
4.30511
4.38437
4.06105
4.01108
4.57475
4.31046
4.51013
4.14638
3.85746
3.64185
4.17836
4.22376
4.03849
4.28811
3.80638
4.01799
3.99372
4.07654
4.05861
4.47485
3.88142
4.50007
3.92427
3.92582
4.25751
3.91462
3.94449
4.15785
4.00927
4.30957
3.99052
4.03323
4.08687
4.33401
4.3833
4.21956
4.38004
3.94428
4.16506
3.92387
4.29033
3.92674
4.18225
3.8431
4.29069
3.96702
4.17713
4.33649
4.10398
4.42328
4.03838
3.86567
3.94053
4.12753
4.03828
3.84038
4.26847
3.78161
3.95479
4.03636
4.14389
4.02458
4.06667
4.29135
3.99903
4.05624
3.90775
4.08658
4.10977
4.06898
4.12432
4.13977
3.88532
4.41948
3.87243
4.41801
3.99435
4.15282
3.96869
4.00244
4.27791
3.7284
4.14412
4.15109
4.04648
4.3254
4.33953
3.49153
3.77441
4.04393
3.99123
3.88691
4.03646
3.92095
3.89939
4.17092
4.28381
4.14093
4.16308
4.30932
3.8582
4.54527
4.31069
3.82587
4.05513
4.42211
4.2417
3.92779
4.52897
4.31248
4.24193
3.95598
4.05219
3.91799
4.22237
4.21753
4.03135
3.7913
4.27762
3.7958
4.02113
3.73899
4.14904
3.62778
3.81903
4.17392
4.05311
4.13089
4.09156
3.9111
3.80335
4.17588
4.25765
4.27296
4.12635
4.12904
4.14585
3.85555
4.28947
4.04397
4.16525
4.12737
4.04278
3.5618
3.98003
4.15334
4.12398
4.14305
4.27893
4.35311
4.23623
3.6315
3.89462
4.20499
4.01471
3.23192
4.19687
3.9303
3.98995
3.96924
4.13562
3.77496
4.14437
4.29616
4.0652
4.02911
3.83959
4.53712
3.90118
3.80403
3.95232
3.93414
4.25266
4.27399
4.00978
3.82782
3.70543
4.02985
3.87619
3.94951
3.75589
3.83821
3.82257
3.7268
3.95694
3.88764
3.94704
3.87705
4.11611
4.0104
3.97295
4.04125
4.02335
4.36846
3.96469
3.80066
4.08318
4.17524
4.31374
4.02342
4.04192
4.18976
4.08531
4.32466
3.89945
4.18892
3.92083
4.02085
4.04102
3.85831
3.98691
3.88002
4.01301
3.94921
4.14883
3.94533
3.72834
4.17017
4.08575
3.88201
3.86669
3.93061
3.91939
4.02899
4.13223
3.91303
3.92774
3.98492
4.26705
3.74577
3.8434
3.77606
4.01706
3.96075
3.97021
3.93167
3.66486
3.81728
3.87662
4.08484
4.01439
4.02454
4.11079
4.19964
4.00903
4.06814
4.16441
3.9898
3.79034
4.35567
3.76817
3.88013
4.32206
3.81664
4.39242
4.03837
3.90317
4.11387
3.70181
4.0659
4.18093
3.97107
3.92861
3.92925
4.15675
4.22362
3.75263
3.97108
3.97684
4.3794
4.26317
3.84854
3.90392
3.79989
4.02273
4.08707
3.98357
3.94475
4.14945
4.19127
4.01413
3.89886
3.67504
4.28117
4.11151
4.00319
3.99645
4.2354
4.02341
4.15865
4.13531
4.12698
4.34728
4.03944
3.85638
4.28374
4.48767
3.99511
4.00073
4.2317
4.02504
4.20493
4.12914
4.25961
3.79003
3.70408
4.06933
4.07424
3.84237
4.44342
4.30856
3.70632
4.03044
4.07513
4.05397
3.75227
3.81971
4.12274
3.70365
3.69454
3.96727
3.98763
3.83458
3.85483
4.09359
4.12555
4.10642
3.57093
4.00743
4.52068
4.28754
3.94723
4.04493
3.74514
3.88454
3.91853
4.03498
4.07557
4.30179
4.04172
4.25254
4.38179
3.65252
4.27307
3.65109
3.7259
4.33968
4.32726
4.0797
4.10955
3.79391
4.07149
4.10273
4.01879
4.18654
4.06697
4.04188
4.10446
4.48928
3.96605
4.14248
3.59448
4.00506
4.06283
3.63811
4.09747
4.40256
4.01019
4.6331
3.83743
4.21665
3.8067
4.06002
4.18186
4.09076
3.97445
4.25305
3.75959
3.76531
3.9776
4.29729
3.64096
4.14354
3.76832
4.11006
4.14878
3.81886
4.24678
3.92497
4.28834
4.12776
4.18863
3.87044
3.9396
4.00747
3.76299
4.09955
4.22588
4.07968
4.1147
4.16585
4.19435
4.07752
4.14048
3.8005
4.12993
4.17989
3.76946
4.25879
3.7139
4.14429
3.60095
4.42435
4.0014
3.90452
3.86881
4.21849
4.00297
4.10129
4.10945
3.96821
3.9514
3.84984
3.90039
4.00655
4.03143
4.45754
4.3427
3.99511
3.97158
3.97694
4.12889
4.30701
3.85486
3.99153
3.79074
3.98049
4.01977
4.06537
4.16678
3.92646
4.07439
4.22066
3.8558
3.82912
4.18295
3.86281
4.22152
3.95004
4.16739
4.05615
4.03928
4.08348
4.01828
3.96608
4.1146
4.24393
3.81193
4.39717
4.08037
4.26006
3.93601
4.0075
3.76086
3.68436
3.97159
3.95994
4.276
4.06582
4.74374
4.04054
3.78681
4.32788
4.18488
4.02229
4.14041
4.06299
4.30365
3.72615
3.89913
3.84126
4.26899
4.15781
4.6772
4.03989
3.90527
4.05433
3.9354
4.20078
4.03464
3.81252
4.11225
4.13023
4.18526
3.92149
3.88194
3.6631
4.08679
4.23886
3.96218
3.67745
3.54352
3.54944
4.07323
4.4764
3.62886
3.96933
3.8381
3.68645
3.89577
4.00414
3.73998
3.92559
3.87063
4.31852
4.19188
3.79503
3.93328
3.97269
4.19166
4.10554
4.01891
4.52385
4.00249
3.74572
4.67327
4.14022
3.80103
4.0296
3.96902
3.97776
4.22092
4.06021
3.69634
4.43293
3.99666
3.7539
4.19711
3.89893
3.8251
3.86567
3.88329
4.05115
3.80405
4.25124
4.07979
3.94935
4.30937
3.79908
4.06205
4.17427
3.9749
3.98173
3.71964
4.0525
4.07707
3.87575
4.00957
3.89592
4.11063
4.36405
3.75673
4.09571
3.72478
4.21514
4.15413
4.03595
3.98578
3.64848
4.0709
4.31608
4.38451
4.12109
4.26247
4.48595
3.97557
4.13844
4.3963
4.01953
3.85053
4.53308
4.18638
4.09078
4.24576
3.99752
4.17324
4.05367
3.82925
3.49843
4.2078
3.92468
3.72823
4.39959
3.85095
4.35215
4.15307
4.02198
3.63539
3.81211
4.43115
4.19324
3.94278
4.00326
4.0034
3.75449
3.91385
4.0002
3.50822
3.96082
4.33568
3.80821
4.13668
3.94274
4.00645
4.27907
4.28165
3.95222
4.5889
3.35412
4.07436
4.12794
4.1183
4.2931
3.96444
4.40276
4.05406
4.17653
4.50117
3.99254
4.10805
4.32786
3.76857
4.56039
3.88852
4.40368
4.15555
4.21318
4.18961
4.17384
3.82181
3.46801
4.03557
4.48484
4.40973
4.21547
3.97704
4.20544
4.27418
4.39777
4.0012
3.83878
4.09138
4.21853
3.93995
4.3643
4.20414
4.41718
4.20282
4.45877
4.2372
4.36895
3.91644
4.01124
4.08543
4.27618
3.85077
4.15499
4.28965
4.40716
4.14606
4.00331
3.83759
3.73887
4.13684
3.74393
3.6905
4.34537
3.96569
3.89533
4.50568
4.29238
4.00944
4.56671
4.23698
3.86712
4.22034
3.68719
4.29869
4.21353
4.27636
4.3988
3.99746
4.05348
3.97252
3.82477
4.20613
4.41138
4.37011
3.76263
4.19391
4.17361
4.12217
3.96884
3.86089
4.48871
4.06135
4.11105
4.40473
3.82131
4.39947
4.17264
3.8828
4.12042
3.94295
3.84494
3.77042
4.14791
4.30047
3.86596
3.88743
3.89971
4.35602
4.21213
4.1842
3.77979
3.9075
4.13097
4.30672
4.01151
4.29832
4.53694
3.99263
3.67225
4.24353
4.08989
3.97799
3.79509
3.85333
3.74562
4.10805
4.02451
4.18531
4.06124
3.74106
3.78261
4.13155
4.17503
4.2779
4.27166
4.37465
3.96077
4.54443
4.15292
4.05926
4.35046
4.14067
3.96347
3.63923
4.42291
4.32122
3.7616
4.11586
3.96176
4.02612
4.30824
4.3567
3.78884
4.08993
3.97878
3.96383
3.95433
3.94635
3.73465
4.53831
4.26129
4.03415
3.77873
3.84498
4.52814
3.91951
4.08266
4.26636
4.32719
4.10864
4.36632
3.88705
4.33956
4.29319
4.16304
4.05127
4.76023
4.00756
4.05521
4.04038
4.001
4.47577
4.1909
4.00717
4.51562
4.36632
4.25648
4.1167
4.34172
4.08161
4.03593
4.09516
3.97516
3.99431
4.32584
4.08838
4.109
4.33315
3.85851
3.93119
4.19035
3.78821
3.9388
4.22045
3.89762
4.266
4.05999
3.93169
4.36868
4.16482
4.26125
3.94654
4.05426
4.06291
4.27119
4.30329
4.18876
4.00361
4.30575
4.19654
4.08678
4.30448
4.11491
3.90989
3.98483
3.89674
4.28466
4.19077
3.80973
4.36653
4.2336
4.24299
4.2757
3.96122
3.90161
4.37882
4.02685
4.04867
4.64143
3.92877
4.61149
4.17373
3.73043
4.32134
3.59199
4.60124
4.25407
3.95404
4.25268
3.99449
3.73447
3.9105
3.78142
3.48743
4.05454
3.84629
4.02722
3.61094
3.8828
3.64358
3.89215
4.73038
4.2506
4.12342
3.86155
4.32106
4.44801
4.35358
4.32988
4.42943
3.87662
4.25536
3.86105
4.48116
4.09492
3.93197
3.81563
4.15432
4.00939
4.1388
4.51325
4.00836
4.06708
4.39331
4.27175
4.1702
4.20722
4.57514
3.9596
4.36513
4.35324
4.24167
4.0544
4.42353
4.39891
4.06956
4.40584
3.9836
3.60232
4.13647
3.75992
4.21399
3.8715
4.49516
4.03034
4.11371
4.02528
4.26701
4.16917
4.54936
4.24062
4.1485
4.43947
3.9973
3.83852
4.20383
4.45953
4.02709
4.19401
3.76133
4.13038
4.0835
3.97982
4.5368
3.92463
4.3096
3.70075
3.69297
4.29959
4.41661
4.12563
4.03935
4.1464
4.21222
4.14533
4.26731
4.07308
4.7218
4.01587
4.26011
4.36517
3.98066
4.28808
4.23998
4.31237
3.92192
3.70307
3.53849
3.99205
4.08159
3.87784
3.81923
4.22547
4.36609
3.92979
3.95666
3.93328
4.42927
4.47864
4.00684
3.60488
3.98547
4.16301
4.40947
4.23421
4.11577
3.89177
4.07234
4.73105
4.25867
4.21654
3.95377
3.65268
4.24174
4.41107
3.92102
4.224
3.56866
3.96553
4.22321
3.93123
4.2051
3.86542
4.18813
4.31292
4.10649
3.97061
4.23605
3.7749
4.07743
4.06325
4.05895
4.58432
3.93999
3.74931
4.20736
4.19913
4.33758
4.15056
4.39509
4.01153
3.69954
3.95765
4.2594
3.97371
4.16333
4.27813
3.82404
3.84891
4.05262
4.13683
4.1143
4.5384
4.09368
4.1855
3.99196
4.25875
4.32694
3.35813
3.97664
4.29627
4.00676
3.65738
4.47218
4.19527
4.18273
4.36899
4.02108
4.1579
3.90091
4.06088
4.19932
4.46707
4.00741
4.05688
4.57979
4.07771
4.36014
3.65738
4.01442
4.29263
3.92134
4.2283
4.23494
4.09007
4.37527
4.09909
4.10146
3.74288
4.00619
4.51318
4.26293
4.50597
4.12729
3.94108
4.41011
3.91897
4.24442
4.07801
4.14463
4.26816
4.70845
3.9387
4.05537
4.57704
4.22763
4.45584
4.06742
4.44102
4.40324
4.23459
4.46873
4.23511
4.6294
4.25926
4.13425
4.02466
4.02824
4.21153
3.65869
4.18984
4.26136
4.10757
4.10778
4.07554
4.62591
4.22039
4.42238
3.81747
4.44409
4.11391
3.88037
4.16488
3.67562
3.97401
4.42536
4.32717
3.99308
4.28697
3.85171
4.80925
4.27374
4.12729
4.2952
3.8978
4.50849
4.08674
4.01499
4.11826
4.16336
4.38771
4.20892
4.171
4.15669
3.69073
4.33586
3.97796
4.23942
4.16846
4.05922
3.90519
3.73138
3.8132
3.83823
3.88037
4.57934
3.60943
4.07042
3.89733
4.43291
4.17357
3.88867
3.87889
4.02996
4.07739
4.45172
3.81292
3.77012
3.84072
4.31584
4.45123
4.31074
4.09169
3.85717
4.2823
4.26287
4.32401
4.36383
4.60023
4.161
4.15433
4.5319
4.0354
4.18331
4.24605
3.953
4.17243
4.12319
4.15862
4.18145
4.303
4.30642
4.61532
4.09865
4.07036
3.97969
3.87505
4.42023
4.02802
4.47149
4.13663
3.9516
4.4242
3.5339
4.52461
3.86173
4.3662
4.08549
4.13474
3.79995
3.97373
4.28256
4.35685
4.17378
3.90463
4.28681
4.27085
4.03817
4.12574
3.89721
4.34523
4.37127
4.24001
3.8858
4.08011
3.96145
4.26998
3.76297
4.01278
4.41792
3.94144
4.11628
4.60428
3.99921
4.72863
4.01495
3.92325
4.31454
4.31907
4.42437
4.24784
3.91769
4.33686
4.07697
4.04723
4.12241
3.90483
4.2076
4.22504
4.31026
4.28184
4.52051
4.21775
4.02842
4.26695
4.39862
4.11224
4.12816
3.79609
4.29192
3.73475
4.14609
3.91368
4.15184
4.10474
4.04185
4.05096
3.70539
4.15699
4.04029
4.00457
4.10602
4.21725
4.25284
4.13352
4.50861
4.20283
3.92089
4.10198
4.05064
4.24599
4.3109
4.03265
4.00431
3.93795
4.03389
3.86563
4.20129
4.07487
4.37002
3.92049
4.00811
3.62388
4.1554
3.85215
4.19578
3.95582
3.99527
3.85177
3.84365
3.97737
4.28631
4.22163
4.2904
4.14717
3.66397
4.32471
4.41129
4.34814
4.21472
4.19862
3.88299
4.08123
4.6641
3.95232
4.31542
4.32201
3.89134
4.61953
4.07782
4.50629
4.47255
4.13402
4.04274
3.82929
4.25255
4.40457
4.21098
4.59978
4.34273
3.89561
4.68939
4.26557
4.1831
3.8534
4.32653
4.35662
4.18103
3.89596
4.19349
4.53923
4.16193
3.93196
3.53936
3.72877
4.0078
3.65789
3.9314
3.96351
4.25979
4.02406
3.6074
4.08369
4.12304
3.91202
4.37399
3.9279
3.81534
4.03302
4.02012
3.78855
3.85699
3.63566
3.62284
3.69305
3.95225
3.69438
3.96971
3.63997
4.09776
4.36598
3.85584
4.02381
3.92312
4.25616
4.14638
3.88827
3.92222
3.54915
4.24555
4.58157
4.31756
4.42611
4.3966
4.02717
4.38459
4.27463
4.21972
4.4115
4.31921
4.57258
4.50062
4.15396
4.56533
4.58852
4.59806
4.56138
4.72224
4.55609
4.53753
4.11095
4.36468
4.29067
4.35502
4.66429
4.43592
4.57696
4.15106
4.41306
4.49968
4.55288
4.15306
4.52361
4.47616
4.71446
4.49883
4.36895
3.9349
4.2094
4.13907
4.49279
4.15152
3.86076
4.17897
3.94695
4.12748
4.10332
4.34824
4.40297
4.06004
4.25495
4.44956
3.96738
4.09156
4.34771
4.22021
4.06368
4.27455
3.87153
3.82725
4.19988
4.24675
4.18505
4.2742
4.06001
4.10148
3.67916
3.99072
3.9255
4.161
4.18784
3.98552
3.89497
4.39005
4.25201
4.39434
4.02821
4.08993
3.80477
3.97647
3.89744
4.19897
4.14152
3.96726
4.12047
4.01901
4.15061
4.11621
4.08534
4.01454
4.26563
4.25648
3.65163
4.17857
3.91374
4.2584
4.24984
4.2518
4.40681
4.03054
4.12337
4.03198
4.25319
3.77784
3.94042
4.28002
4.10433
4.29165
3.95963
3.73171
4.06799
4.13649
3.95906
4.36187
4.17463
3.99681
3.52557
4.15751
4.29997
4.1029
4.48208
4.22181
4.09071
3.90773
4.27439
4.37543
4.05546
4.46186
3.8742
3.54985
3.75113
4.15924
4.43962
3.86846
3.72144
4.0415
4.14356
4.15766
4.10531
3.97254
4.21901
4.48973
4.33015
4.33878
3.97095
4.17856
3.96688
3.99757
3.90138
4.25269
4.40622
3.48887
4.39395
4.31065
4.06894
4.22082
3.98902
4.38768
4.08572
4.41837
4.35642
4.29798
3.93878
3.91521
4.27845
4.05357
4.08505
4.13026
4.12805
4.13812
4.31201
4.22301
4.2701
3.92256
4.02509
3.97684
3.91286
4.05686
3.87631
3.8605
4.14132
3.86442
4.16173
4.02737
3.79448
4.15736
4.32268
4.4802
4.06621
3.94871
4.12216
4.20802
4.53879
4.4027
4.14852
4.03474
3.81935
4.27898
4.12002
4.29826
4.09452
3.64612
4.34135
4.10334
4.0712
4.02328
4.1584
4.62231
3.95137
4.12557
4.43591
4.07694
4.11524
4.09829
4.17126
4.35076
3.78546
4.2748
4.25465
3.56299
4.0747
4.09377
4.09818
4.15617
4.43225
4.17644
4.22032
3.72972
4.11224
4.40562
4.03765
4.26303
4.05563
3.99829
4.06203
3.97152
4.29938
4.19139
4.38744
4.61264
3.86173
4.16319
4.21895
3.78661
3.90118
4.28568
3.92725
3.67496
4.394
4.24491
4.56491
4.09363
4.41052
4.14235
4.22911
4.13967
4.02314
3.8613
4.39391
3.94605
3.94498
3.73393
4.31157
4.00098
4.05914
4.27507
4.08172
4.11438
3.85957
4.30118
3.75276
3.9752
3.8625
4.00387
3.86029
4.05528
4.15579
3.76767
4.21007
3.91722
4.27763
4.23489
4.27477
4.06959
4.10801
4.48353
4.19392
4.15143
4.21986
4.03232
4.12092
4.08094
3.82117
3.9957
4.0888
4.23129
4.00081
4.12864
4.00421
3.89039
4.45959
4.1567
4.1712
4.4936
3.53051
3.63767
4.19252
3.59171
3.69834
4.2281
4.08891
3.86574
3.68374
3.82182
4.22981
4.55147
3.94646
4.1262
3.80059
4.19905
3.91567
4.00222
4.19395
4.30163
4.12383
4.21393
4.00073
3.93461
3.65789
4.29272
4.24948
4.08318
4.31386
4.20769
4.26353
4.59924
3.95801
4.87213
4.23057
4.15995
4.07237
4.30997
4.16963
3.71945
3.69499
4.29924
3.46431
3.94714
3.83835
4.33413
4.11048
4.23339
4.17342
4.21392
3.95175
4.02326
4.0394
4.02378
4.2476
3.61691
4.3894
4.18626
4.43482
3.94431
3.55112
3.94312
4.09671
3.88922
3.62863
4.05822
4.33839
3.89754
4.25542
3.84903
4.34497
3.70221
3.97809
3.84969
3.66311
3.81191
3.79693
3.83705
4.02475
4.18547
4.24322
4.11527
4.32459
4.36033
3.70043
4.33311
4.18854
4.01475
4.13863
4.06955
4.18392
4.23611
4.61374
4.67327
4.46496
4.35858
3.96391
4.44475
3.99717
4.71966
4.57898
4.42063
4.23272
4.19975
4.20654
4.09955
4.57132
4.15639
4.53895
3.91894
4.24451
4.41771
4.09572
4.17576
4.14671
3.72849
4.42445
4.45088
4.02159
4.26944
3.84428
4.2659
3.99083
3.78959
4.17372
4.14171
4.18772
4.37646
3.93191
4.03566
3.77844
4.57256
4.35229
4.0938
4.40006
3.62433
4.39442
4.21321
4.20176
3.74248
4.5857
4.35251
4.25961
4.27015
4.41874
4.54843
4.25968
4.28584
4.7096
4.21077
3.91524
4.09653
4.45803
4.47761
4.33039
4.58955
3.97599
4.63129
4.41176
3.98926
3.80566
4.3123
3.9248
4.11521
4.09851
4.21864
4.37389
3.87413
4.40104
4.05033
4.20036
3.92916
4.21675
4.27223
4.04732
4.207
4.34043
4.10732
4.31269
4.40667
4.31861
4.3543
3.7523
3.89075
3.32416
3.98058
4.36098
4.06783
4.30144
4.15998
4.30423
4.11374
3.75563
3.7127
3.76025
4.10047
4.03279
4.05385
4.22464
3.71013
4.24519
4.48912
3.93759
4.23536
3.73608
4.06715
3.82405
3.90846
4.18074
4.19497
3.75204
4.25132
3.91174
4.37995
3.6794
3.94057
4.15369
4.10439
4.04884
3.9621
3.96344
4.24783
4.44141
4.18809
4.50142
4.10306
4.35583
4.31157
3.77776
4.32832
4.18678
4.14991
4.08839
4.11684
3.65855
3.77386
3.60962
3.55898
3.5369
3.82259
3.87464
4.09687
4.29548
4.27917
4.0188
3.50189
4.02395
3.98082
4.36548
4.01392
4.52388
4.26015
4.59892
4.20224
4.37003
4.00736
4.25278
4.05824
3.99218
4.13237
4.18554
4.38547
4.35337
4.14985
4.03786
4.1547
4.2047
3.908
4.12074
3.97693
4.38509
3.95409
4.29528
4.08624
4.06329
3.93444
3.74857
4.38558
4.35236
4.32534
4.03839
4.07465
3.97879
4.29619
3.78518
4.18673
4.32516
4.26254
4.11186
4.0882
4.0644
4.26252
3.9686
3.71456
4.19396
4.47764
4.40047
4.15686
4.23178
3.6115
4.05979
3.93667
3.79908
4.36349
3.89588
4.3801
4.40374
4.05124
3.88895
4.09636
4.02908
4.50635
4.04105
4.16336
4.10204
4.05669
3.8789
3.72396
4.24926
3.66884
3.57038
3.93775
4.52206
3.67666
3.63843
3.91995
4.17257
4.28484
3.87633
4.05239
3.94172
4.13446
3.78114
3.91878
4.12702
4.10385
3.9717
3.71441
3.93041
3.70824
4.11469
4.54554
4.17401
3.86923
3.96378
3.94602
3.49024
3.69157
4.19323
4.3432
3.66936
4.24311
3.97724
4.39897
3.97958
4.61592
4.32072
3.96067
4.2502
4.17029
4.61081
4.27689
3.67098
4.12493
3.34448
4.76279
4.53546
4.14968
4.16757
4.1534
3.93882
4.1064
3.58147
3.84702
3.42469
3.84698
4.53018
4.61873
3.93466
4.14514
3.50735
4.21441
4.60946
3.93921
4.0194
3.7246
4.39215
4.17856
4.25233
4.30565
3.91801
4.41667
3.90763
3.92905
4.41626
4.29286
3.91246
4.25483
4.16029
3.96274
4.01968
4.03134
3.77679
4.24099
4.47606
3.99239
4.17082
3.6725
3.69357
3.69786
4.40155
4.38091
3.85677
3.68015
4.08292
3.94078
4.41953
4.43818
3.64422
3.74365
3.64018
4.52012
4.39758
3.95194
3.98896
3.97903
4.47786
3.97655
4.45563
4.09572
4.60584
4.11103
4.17647
4.02483
3.92291
4.05721
