12.8513
13.2065
12.7036
12.8819
12.9143
13.3286
12.8778
12.7269
13.4245
12.7426
13.0392
13.2649
13.0185
12.7414
12.6709
12.8386
13.2112
12.9764
13.0112
12.908
12.8003
12.9784
12.7658
12.6655
13.0498
13.0263
13.3033
12.5997
12.6687
12.9923
12.8102
12.5738
12.8305
12.9005
12.7365
13.0849
12.5434
13.2634
12.8143
13.3116
13.0318
13.0768
13.0142
12.61
13.0076
12.9946
12.6884
12.9263
12.6263
12.8818
12.8456
13.0328
13.0631
13.0272
13.3738
12.9799
13.0974
13.1474
13.0326
12.8596
12.5922
13.039
12.6436
12.8756
12.7395
12.8781
12.9596
13.1983
12.8295
12.6175
12.5944
12.9256
13.0786
12.8191
12.6732
13.1204
13.1129
13.0208
12.5173
12.7037
12.6625
13.1155
13.094
13.1117
12.9076
13.0061
12.9205
13.2307
13.2725
12.8251
12.617
12.8223
12.9257
13.2219
12.7903
12.8876
12.8545
12.8112
12.6977
12.8099
13.2731
12.6864
13.325
12.9239
13.1122
13.2024
12.9465
12.5073
12.9157
12.7698
12.9597
12.5324
12.7376
13.027
12.8375
13.049
12.7788
12.9135
13.2481
13.3353
12.9851
12.9992
12.3617
13.0731
13.1151
12.6859
12.9111
13.1782
12.8091
12.852
12.9755
13.0878
13.1052
12.789
12.7149
12.3801
12.6705
13.1237
13.4618
12.6308
12.6688
12.8335
13.137
12.5461
12.8505
12.818
12.784
12.774
12.9702
12.7062
12.8554
13.3036
13.3782
13.0405
13.2192
13.0526
13.0103
13.0939
12.8382
12.76
12.7321
12.6023
12.6683
13.2926
12.8966
13.3464
12.7701
12.6629
13.2398
12.6435
13.2127
12.873
12.8622
13.0345
13.4233
13.317
12.456
12.6625
12.641
12.4638
12.8418
12.7987
12.8011
13.0563
12.7641
12.8323
12.9614
12.5829
12.9236
12.994
12.898
12.8538
12.8281
12.9038
12.8264
12.9605
12.8142
13.0697
12.5939
12.9661
12.9364
12.9441
13.0116
13.1207
13.2771
12.5749
12.9049
12.7001
13.0726
12.5361
12.5577
13.0022
12.9301
13.1321
13.0066
12.7411
12.8318
12.7879
13.0956
12.9163
13.0669
13.1675
13.0499
12.7292
12.7549
13.0135
13.0431
12.6386
13.0355
13.1426
13.0854
12.9876
12.6188
13.1276
12.9222
13.1054
13.3981
12.8244
12.9371
13.1563
12.5527
12.403
12.8839
12.7401
13.0423
12.7353
12.4742
13.3443
12.932
13.0478
12.5468
12.9427
12.7362
12.7414
13.202
12.9568
12.5618
12.6484
12.5981
12.6686
13.4291
12.7439
13.7002
12.44
13.0118
12.8946
12.5869
12.5303
12.6148
13.228
13.0568
12.9658
13.1377
12.711
13.0342
13.2878
13.1261
12.9523
12.7721
13.2199
12.5875
13.2733
12.853
12.6391
12.7392
12.6046
13.058
12.6183
12.8767
12.5909
12.9457
13.0483
12.7652
12.7294
12.8477
12.7998
12.9683
12.7569
13.2896
13.3094
12.7809
13.0494
13.2328
12.7922
12.5791
12.7531
12.6806
12.7237
12.5969
13.0559
12.999
13.0758
12.9797
12.9913
12.9319
12.8704
12.8846
13.166
13.2966
12.9007
12.7
13.5077
12.6954
13.3555
13.2715
12.7441
13.1587
12.3698
12.664
13.0852
13.4925
12.8727
13.1522
13.1161
13.2174
13.3393
12.8595
12.8257
12.7482
13.1307
13.4149
13.0433
12.9967
13.1234
12.7878
13.1915
13.2553
13.1532
13.0934
13.2163
13.0309
12.9707
12.6617
12.8691
13.0922
12.8373
13.1998
12.9995
13.0786
12.9633
12.8453
12.6029
12.7482
12.9358
12.9834
12.3109
12.9878
13.0936
12.7096
12.8525
12.7901
12.9503
12.7029
12.7468
12.9606
12.2634
12.9098
13.2929
12.8392
12.4476
12.6332
12.9839
12.6291
12.6788
12.9524
12.9408
13.1772
12.911
12.9106
12.9006
12.6886
13.1435
12.7484
12.8158
13.0309
12.5081
12.8371
12.7237
12.8935
12.8528
12.5594
12.4469
13.112
13.2
12.9177
12.8264
12.9424
13.1027
12.8785
12.7362
12.9343
12.6175
13.227
12.7503
12.8197
12.8427
13.1981
13.0879
12.8724
12.5242
12.9938
12.8393
12.8145
12.8315
12.6849
13.0486
12.5793
12.9272
12.5438
12.5656
12.8581
12.6268
12.4032
13.2625
12.3629
12.4389
12.4469
13.0601
12.9035
12.6689
13.5602
12.9459
12.8305
13.3366
13.0302
12.8317
12.9168
12.6511
12.3987
12.3286
12.9243
13.0935
12.6451
13.0399
12.9571
12.7658
12.5728
12.1946
12.6238
12.7513
12.3397
13.0519
13.0318
12.5663
12.4802
12.7358
12.2859
12.7946
12.7562
12.8634
12.557
12.7422
12.9611
12.7485
12.3371
12.9811
12.6078
12.9271
12.684
12.9592
12.5872
12.6421
12.7017
12.7227
12.6223
13.0937
13.0046
12.9454
12.9804
12.5363
12.5628
13.0372
13.2179
13.1007
12.5324
12.6793
13.036
12.8044
13.1078
13.0981
13.2275
13.2564
12.8508
12.9538
12.8023
12.738
12.9031
12.5304
12.8154
13.0027
12.8638
12.8174
12.7558
13.0857
12.8766
12.9873
12.945
13.1585
12.7049
13.0922
12.9821
13.1293
13.1918
12.8478
13.0538
13.0022
12.9389
13.1276
13.0367
12.8959
12.4723
12.6537
13.602
13.1239
12.9218
13.1497
13.1668
13.3014
13.4395
13.0496
12.9378
12.7836
12.8723
12.7271
12.6625
12.8452
12.5478
13.2993
13.2113
12.8346
12.7703
12.8526
13.3123
13.1565
12.8325
13.3474
13.1974
12.806
13.2169
12.685
12.4707
13.0344
13.1097
12.7759
12.904
12.7511
13.4544
12.9791
12.8584
13.0421
12.607
13.1066
12.8209
13.3581
12.9053
13.0244
12.7978
12.9135
12.4335
12.8829
12.8313
12.9974
12.5805
12.8398
13.1827
13.1277
13.0912
12.778
12.6165
13.1228
12.8658
12.9549
12.7356
13.084
13.2043
13.0742
12.6264
12.6215
12.9531
13.0304
12.8619
13.0553
13.0252
13.0969
12.9149
12.623
13.0378
12.8964
13.0298
12.7928
13.249
12.694
13.0391
12.9066
12.7924
12.5558
13.0517
13.0404
12.4126
13.0763
12.5151
12.9026
13.2981
13.077
12.5911
12.883
12.6083
12.9585
12.4419
12.6915
12.6942
13.3636
12.9125
13.1696
12.9552
12.6589
12.8942
12.6253
12.6784
12.9136
13.1082
12.4642
12.934
13.1798
12.906
12.962
12.7415
12.8085
13.2123
12.8336
12.8515
12.898
12.8857
13.184
12.561
12.7944
13.0453
12.7356
12.9153
13.1835
13.0523
12.8532
12.6823
12.5239
12.8125
12.7153
13.0815
12.9806
13.1538
13.0947
12.5931
12.8775
12.6946
12.9866
12.8853
12.7805
12.8557
13.193
13.0981
12.4411
13.0782
13.0008
13.1045
13.2798
12.9074
13.1223
13.2305
12.5875
12.6942
12.4468
12.6382
12.8862
12.7501
12.4023
12.5997
12.7909
13.2903
12.7791
12.9511
12.4015
12.9917
12.7706
12.4497
13.0201
12.9795
12.9561
13.1408
12.813
12.9463
12.8225
12.5747
12.8809
12.7239
12.8611
12.8199
12.6246
13.0123
12.9818
12.6375
13.325
12.6843
12.9021
12.801
13.1244
13.074
12.8963
12.7644
12.7245
12.3526
12.8267
12.8027
12.7136
12.8578
12.6666
12.6925
12.5578
12.6406
12.7499
12.588
12.8796
12.7018
12.7966
12.6089
12.9281
13.188
12.8662
12.495
12.7215
12.7133
12.4768
12.9889
12.6221
13.1545
12.5796
12.4747
12.7076
12.8311
12.8831
12.9843
12.4188
12.912
12.7435
12.2881
12.8062
13.1399
13.0445
12.9148
13.1106
13.1224
12.9775
12.7031
13.1064
12.9575
12.8055
12.9942
12.8422
12.7721
12.7609
13.0837
12.8679
12.9225
13.2499
13.2896
13.149
12.7822
13.0416
13.1668
13.5564
12.6018
12.9391
12.8097
13.0462
12.979
13.1172
13.0858
12.9441
13.2137
12.5529
13.1532
13.0319
12.8858
13.026
12.6032
12.6812
12.873
12.8623
12.6695
12.8192
13.4473
12.8928
13.3154
13.2013
13.0764
13.1888
13.1515
13.1366
12.8769
12.9323
12.6951
13.0475
12.9246
13.279
13.2519
13.2828
13.0601
12.7473
12.7865
12.9211
12.847
13.1162
12.5591
13.3589
12.8006
13.1007
13.1008
12.9488
12.874
12.7692
13.1611
13.3779
12.6976
12.8778
13.1718
12.5533
12.9598
13.2108
12.9269
13.1312
13.0088
13.0821
12.9771
13.2225
13.1726
12.8874
13.0928
12.663
12.8416
12.9362
13.0312
13.2528
12.8831
12.6389
12.962
13.1108
12.8846
12.5775
13.5004
12.9975
12.8363
12.9036
12.8755
12.9842
13.4067
13.0078
12.8092
13.2606
12.4122
13.3926
13.0827
13.1215
12.8191
13.3131
13.0586
13.4004
13.0561
12.9455
12.6153
12.9512
12.7842
13.0983
13.2997
12.4083
13.1181
12.7209
12.7255
13.0256
12.9158
12.8176
12.9036
12.9515
13.1556
12.9315
13.0626
13.2556
13.0682
12.97
13.412
12.9211
13.3378
12.8194
13.3115
13.22
12.8581
13.3915
12.826
13.0708
12.9191
12.5739
13.1831
12.7924
13.009
13.1507
13.159
12.9589
13.1225
13.1244
13.0302
12.8948
12.8821
13.1958
12.7852
13.0171
12.9328
13.029
13.2655
13.1101
12.901
13.0759
12.8642
13.3135
13.3025
13.0494
12.8674
13.0083
12.7832
12.8551
12.5802
12.8966
12.7254
12.6468
12.451
12.7565
12.6706
13.2602
12.7007
13.1982
12.6679
12.7163
12.488
12.6842
12.5342
12.7234
12.7577
12.7076
12.9765
12.5305
12.803
13.2542
12.6166
12.7278
12.9797
12.7623
12.7832
13.1047
12.9543
12.4821
12.8372
12.6678
12.5123
13.041
12.3088
12.872
12.5188
12.5948
12.8565
12.3016
12.7192
12.8575
12.8708
12.6531
12.6268
13.1993
13.1185
12.9428
12.9694
12.4203
12.4632
12.5534
12.6189
12.9706
12.6131
12.8635
13.2588
12.8103
12.3721
12.8749
12.7144
12.7952
12.6389
12.5983
12.5909
12.8286
12.853
12.5774
12.8384
12.9184
12.453
12.9721
12.4048
13.0626
12.6106
12.5417
12.6786
12.7879
12.8039
13.0197
12.9584
12.886
13.0623
12.8256
12.7533
12.585
12.4418
12.7465
12.7245
12.9126
13.1515
12.7131
12.7092
13.1005
12.5961
12.8843
13.0798
12.952
13.0837
12.8573
12.8585
13.1615
12.8595
13.1715
12.7946
13.1063
12.7254
13.0428
13.1797
12.85
12.7854
12.8712
12.8441
12.6893
13.1533
12.5725
12.7397
12.7935
12.693
12.971
12.8313
12.7928
12.4125
12.9182
12.8404
12.515
13.1489
12.5579
12.8481
12.8372
13.1267
12.8717
12.9464
13.1892
12.9884
12.8512
12.812
13.2859
12.8684
13.048
12.8027
12.8942
13.2188
12.9196
13.1515
12.9751
13.2114
12.6933
12.4458
12.5425
12.6102
12.8002
12.9042
13.2202
12.9771
12.7729
12.7043
12.9873
12.753
13.0782
13.0626
12.4717
12.5633
12.8547
12.7341
13.1636
12.7837
12.7779
12.7461
12.5595
12.8957
12.7604
12.8982
12.6684
12.4629
12.3899
13.0841
13.0492
12.7256
12.9107
12.9676
13.0078
13.3312
13.1071
13.2373
13.2979
12.6845
12.9211
13.2189
12.9204
12.8631
12.9988
12.5596
12.91
12.8304
13.0911
12.8825
13.4209
13.0402
12.894
13.3178
12.8284
13.1473
12.7918
13.0155
12.6598
12.7101
12.7238
13.0602
12.6512
12.7781
12.9996
13.0606
13.1571
12.7868
12.9184
13.0461
12.6574
13.5149
13.3755
13.1272
13.133
13.0221
13.2061
13.1559
13.1105
12.416
12.4058
12.7345
12.8563
13.0936
12.9138
12.9
12.6203
13.077
12.6638
12.9767
13.0138
12.9987
13.2366
13.3561
13.2075
12.7111
12.817
12.4118
13.1418
13.0664
12.5802
13.2413
13.0424
12.9552
12.6797
12.8098
12.472
12.7875
13.2961
13.3593
13.0387
12.6161
12.9444
12.7099
13.0882
12.7686
12.8964
12.3723
12.9881
13.2462
12.7387
13.0403
12.8084
12.6989
13.1503
13.0539
12.9501
12.704
13.2865
12.8709
12.9116
12.7241
12.9239
13.0445
12.8236
13.1221
13.4189
12.7931
13.2923
12.9484
12.7662
13.1333
12.6317
13.1747
13.0772
12.7802
12.508
12.962
13.053
12.8987
12.7308
12.8549
13.2523
12.4721
12.9759
12.8112
12.8443
12.9449
12.9182
13.0768
13.1414
12.9627
12.7662
13.3538
12.9152
12.6035
12.713
13.0031
13.0076
12.9729
13.0688
12.9094
12.8588
12.8701
12.9694
12.7949
12.7512
13.0824
13.1886
12.7635
13.3193
12.6807
12.736
13.0764
13.1648
12.5969
13.103
12.792
12.9349
12.8929
12.8649
13.2109
12.3448
12.7664
12.9206
13.0895
13.0484
13.0965
13.3076
12.7139
13.0055
12.9317
12.8274
13.2523
13.0231
12.9304
13.1285
13.0506
12.9985
13.2507
12.8396
13.0216
12.9725
12.9675
12.8066
13.1214
12.9993
13.0883
13.3669
12.9916
12.9877
13.2084
12.9348
13.3246
13.0985
13.1943
13.4883
13.3986
12.9655
12.9683
12.6829
13.2789
12.8251
13.0807
13.0517
12.9108
12.6697
13.0048
12.9512
12.739
13.1699
12.6412
13.3118
12.5626
13.3866
12.5712
13.2123
12.4996
12.8521
12.6439
13.0075
13.0428
13.0434
13.2336
13.2773
13.2703
13.0756
12.8576
12.845
12.7258
13.149
13.101
13.1527
13.2545
13.5919
12.6202
13.0384
12.9034
12.5076
12.9316
12.9005
13.3636
12.77
13.0213
12.9975
13.0081
12.8751
12.733
12.6102
13.0731
12.9908
13.1102
13.1418
12.8078
12.6964
12.6678
12.3771
12.6752
13.0915
12.6792
12.6348
12.9002
12.8417
13.1939
12.8846
12.554
13.0148
12.606
12.5199
12.7782
13.1114
12.3494
12.753
12.7517
12.7977
12.734
12.4152
12.8191
12.9899
12.5563
12.484
12.5846
12.6412
12.7015
12.5955
12.8148
12.9308
12.4926
12.7135
12.4481
12.9429
12.898
12.5808
12.4691
12.5975
12.5662
12.852
12.7663
12.8748
12.658
13.035
13.2718
12.8208
12.3771
12.9311
12.3224
12.6472
13.0804
12.7378
12.9789
12.3162
12.1133
12.8071
12.5762
12.6627
12.6296
12.6518
13.0241
12.834
12.567
13.0378
12.5684
12.7384
12.6836
12.8634
12.2223
12.5914
12.6373
12.5987
12.9873
12.5995
12.2847
12.6278
12.69
12.605
12.7718
12.8164
12.9817
12.4843
12.5549
12.8062
13.1488
12.7671
12.9435
12.8204
13.0305
13.1802
12.8593
12.6015
12.9531
12.6243
12.6813
12.9759
12.7018
12.6807
12.4725
12.7024
12.6481
12.6208
12.6755
12.9589
12.707
13.0038
12.7871
12.8502
13.0877
12.787
12.7973
12.3269
13.1348
13.0294
12.3992
12.7859
12.805
12.9146
12.3444
12.5959
13.2042
13.1775
12.8326
12.9087
12.6831
13.2588
13.1101
12.8793
13.1933
12.6111
12.7559
12.7812
12.7011
13.4844
13.2075
13.0498
12.8049
12.6304
12.3576
12.5493
12.8679
12.5993
13.3429
12.8543
12.9659
12.3722
12.4708
12.5721
12.8179
12.4083
12.8858
12.8341
13.0811
12.7236
12.9338
13.2815
12.9832
12.8371
12.9463
12.8681
13.0658
13.105
12.7361
12.806
12.7109
12.9146
12.6742
12.8052
13.2803
12.9788
12.7929
13.132
12.8529
12.8549
12.8118
12.9246
12.8742
13.0886
13.0971
13.0051
12.8973
13.2985
13.0597
12.9824
13.1206
13.5014
13.2031
13.0407
13.1353
13.3413
13.3895
13.0149
12.8408
13.029
13.2234
13.0985
12.9489
13.0683
12.9438
13.3763
13.3209
12.3219
13.2007
12.982
12.9795
12.9839
13.337
13.3272
13.2183
13.0063
13.1775
12.613
12.795
12.7984
13.163
13.2792
12.6617
13.2093
12.6459
12.478
13.0496
12.9472
13.2339
12.6449
13.1627
13.1265
13.0826
13.0795
12.9557
13.4421
13.2848
13.2024
12.8514
12.9258
12.9165
13.3747
12.9394
12.7978
12.8603
12.6147
13.1738
12.8995
12.7546
13.4464
12.7774
12.9971
12.7676
13.1995
12.888
12.991
12.6768
12.6427
12.9351
12.7216
12.8929
12.6303
12.8441
13.1006
13.0164
12.6862
12.8477
12.574
12.8878
12.8355
12.5713
12.8386
12.9122
12.9817
12.7986
12.8658
12.8374
13.468
12.938
12.7041
12.8424
12.6868
12.4299
12.4588
12.7288
12.624
13.1286
12.7348
12.7597
12.7277
12.1928
13.0591
12.701
12.6862
12.5709
12.5664
12.807
12.9514
12.7914
12.6985
13.3142
12.7677
13.3821
12.8719
13.0397
12.8195
12.6708
13.0128
12.7833
13.0087
12.7448
12.5915
13.0777
12.9442
12.7906
12.7562
12.6109
12.9918
12.3673
12.7692
13.0403
12.5068
13.0157
13.4237
12.7148
12.4434
12.6754
12.7343
12.4069
12.4944
12.8433
12.8125
12.7079
12.893
12.9008
12.9679
12.5281
12.722
13.2829
13.2933
13.2595
12.6925
13.1186
13.5423
13.0348
12.5756
12.5477
12.7376
13.1744
12.7964
12.8773
12.9339
12.995
13.1512
13.4426
13.0283
13.2151
13.3835
12.7891
12.9154
12.9488
12.9512
12.8245
12.8803
12.858
13.253
13.2957
13.0346
12.8861
13.3924
12.7569
13.1857
13.1909
12.8926
13.0049
12.9794
13.0832
13.1008
12.936
12.6648
12.8035
13.1528
13.1537
12.8503
13.2712
12.6779
12.6099
13.0865
12.7999
13.428
13.2046
12.8382
13.1029
13.4459
12.9087
12.7355
13.3813
13.4402
12.4395
12.9852
12.9164
12.6789
12.7682
12.8443
13.2353
13.1086
12.8861
12.5375
12.6298
12.7741
13.6257
13.1115
12.7804
12.886
13.1727
12.6156
13.2462
12.8104
12.871
12.5827
12.4247
12.7993
13.0794
12.7396
12.698
12.6751
12.9737
12.9988
12.8168
12.6925
12.1144
12.7362
12.4914
12.925
12.6019
13.2401
12.6052
13.1405
12.7441
12.6011
13.0019
12.687
12.8122
12.2503
12.8755
12.6844
12.7025
12.6601
12.8112
12.9835
12.8471
12.7813
12.8641
12.6163
12.9865
12.8763
12.8301
12.9445
12.5868
12.846
13.1525
12.7086
12.6374
12.845
12.877
12.1624
12.8933
12.5343
13.0732
12.619
13.0632
13.1919
12.8676
12.9025
12.5317
12.8144
12.7544
12.6477
12.393
12.9348
12.5415
13.0503
13.0976
12.5292
12.5505
12.6828
12.7411
12.6508
12.7466
12.8326
12.7568
12.8043
12.6519
12.6377
12.6073
13.3184
13.0094
12.7491
13.0522
13.2204
13.3759
13.2362
12.5601
12.5178
12.8555
12.8213
12.9789
12.8486
12.9432
13.0252
12.9071
12.9733
13.026
12.9582
13.1939
12.8126
12.7049
12.904
13.1563
12.8467
12.6959
12.7057
12.8618
12.9314
13.0476
12.4984
13.0966
12.6595
13.2589
13.0953
13.424
12.8683
13.2919
13.2008
13.0357
13.1
12.8661
12.7712
12.9378
13.1749
12.7904
13.3001
12.8228
12.8232
13.0819
12.6566
12.6671
12.901
13.2314
13.2762
12.9476
13.0611
12.4172
13.2133
13.1732
12.8837
13.1704
13.2822
13.1312
12.8642
13.0118
13.0457
13.018
12.8466
12.8424
12.9239
13.2396
13.143
13.0696
12.9556
13.3385
13.4586
12.8384
12.7225
12.9306
12.9106
12.8454
13.1876
13.2035
12.7227
12.8351
13.2223
13.5045
13.0255
13.1432
13.0985
12.607
13.0016
12.6078
13.0747
13.0414
13.2582
12.603
13.2922
12.9797
12.7673
13.0467
13.1036
12.5964
13.0264
13.099
13.0293
12.7403
13.1208
12.8297
13.0966
13.1262
13.432
12.6826
12.8568
13.0691
12.924
12.868
12.7623
12.9062
13.229
13.0272
13.4519
13.1198
12.9608
12.9934
12.8974
13.1695
12.8571
12.9091
12.9648
13.2857
13.1545
12.9148
13.1429
13.1158
12.9234
12.7952
12.9478
13.0714
13.2907
12.9312
13.2366
12.6067
13.0939
13.0494
12.9553
12.9697
13.2085
13.1654
13.0917
12.8705
13.086
12.8716
12.8005
12.8668
12.65
13.0812
12.6723
12.5746
12.9985
12.6531
12.7501
12.9579
12.9585
12.8955
12.8191
12.7779
13.3715
12.9625
12.7515
12.7437
12.9008
12.3449
12.8852
12.6693
12.7687
12.6052
12.7704
12.4669
12.7034
12.765
13.0359
12.4971
13.1307
12.915
13.2559
13.0168
12.9374
12.5883
12.7048
12.464
12.8211
12.6125
12.482
12.6465
12.6995
12.9114
12.7075
13.0172
12.5994
13.1201
12.7029
12.6131
12.7744
12.6098
12.7172
13.1554
13.0899
12.9772
12.8366
12.6558
12.5918
12.4762
12.6453
13.2078
12.7295
13.0773
12.6363
12.803
12.7898
12.6659
12.5308
13.2551
12.9199
12.9994
12.7254
12.584
12.7172
13.1035
12.7337
12.939
13.1493
12.9549
13.0096
12.8564
13.3298
12.631
12.6571
12.6015
12.8812
12.4495
12.8797
12.921
12.8642
13.3115
13.1912
13.0521
12.6668
12.6065
13.0751
12.3468
12.8355
12.9107
13.3185
12.7495
12.9037
12.4475
12.858
12.9878
12.5582
13.2549
12.9652
12.8647
12.6659
13.1095
13.1298
12.8857
13.0718
12.7537
13.1492
12.7763
12.8641
13.0237
13.1701
12.8017
12.6655
13.0808
13.0197
12.8698
13.1158
12.8021
12.7981
12.7216
13.0135
12.5255
12.6088
12.9034
12.9216
13.0867
12.6593
12.6323
12.863
13.0993
12.5675
12.8262
12.8609
12.8282
12.6921
12.8001
13.2377
12.9727
12.88
12.7202
12.7922
12.5642
12.5993
13.2759
12.7795
12.6212
12.9079
12.6096
12.7898
13.099
12.8616
12.7984
12.7972
12.4388
12.9131
12.8319
12.7527
12.9214
12.947
12.8723
12.927
12.7083
12.6399
12.8314
12.7537
13.3323
12.8478
12.701
12.4535
12.4924
12.8203
13.1576
12.8419
13.1903
12.4967
13.3292
12.775
12.6081
12.643
12.6152
12.819
12.75
12.8936
12.9618
12.9055
12.6808
12.5329
13.0124
12.858
13.2092
12.8934
12.7138
12.9236
13.0743
12.9062
12.7865
12.5549
12.8148
12.649
12.8139
12.823
12.6651
12.5688
13.0771
12.7413
13.0089
12.6645
12.6923
12.3766
12.4459
13.1795
13.0147
12.9749
13.0495
12.7581
12.2766
13.3385
12.9094
12.6183
12.7576
13.1181
12.7546
13.026
13.0269
12.8094
12.9993
12.7914
12.9199
12.9802
13.2391
13.043
13.1603
12.7034
12.6317
13.23
13.1616
12.7882
13.0356
13.2995
13.1942
12.7537
13.0272
13.2581
12.9969
13.2731
12.9324
12.7787
13.0117
12.9959
13.0603
12.443
12.9706
12.7453
12.861
13.4527
12.691
13.2727
13.0256
13.1293
12.576
12.8715
12.666
13.0172
12.9092
12.4478
12.9797
13.4385
12.9062
13.2136
12.8807
13.0264
13.0443
13.061
13.116
13.0825
12.9356
12.9675
12.9298
12.9612
13.1575
13.4683
12.8218
12.7961
12.8909
13.0907
12.442
13.097
13.0701
12.4661
12.6554
12.9914
13.1508
13.3517
13.4074
12.9114
13.2001
13.0245
12.8678
13.0325
12.8884
13.2805
12.9247
13.43
13.3721
13
12.8685
13.2213
12.9699
13.0517
12.8062
12.7502
13.3513
13.1182
12.7211
13.2897
13.3383
13.1058
12.9167
13.2991
13.3575
13.055
12.9231
13.3751
12.9031
12.9982
12.9894
13.1778
12.9581
12.9865
13.1293
12.8834
13.1725
13.2996
13.3398
13.364
12.6021
13.124
13.2104
13.2658
12.8342
12.4661
12.9282
13.3043
13.128
12.729
13.018
12.8682
13.134
13.1356
13.1852
12.94
12.4824
13.0364
12.8968
13.0867
13.066
13.1138
13.2817
13.1266
12.7487
13.0007
12.5214
12.586
13.0145
13.0428
12.9035
12.9274
12.6927
12.9819
12.5347
12.9242
12.7706
13.1408
13.0468
12.5923
12.9738
12.9458
12.8383
12.6624
12.8779
12.6646
12.7104
13.0103
12.6324
12.7172
13.0317
12.7357
13.003
12.6393
12.8121
12.5877
13.0626
12.9733
13.2555
12.8794
12.1566
12.2448
12.5919
13.2871
12.8518
13.0487
12.4298
12.4266
12.5162
12.8613
13.1306
12.6146
12.8028
12.6793
12.6453
13.0888
12.7862
12.5945
12.8228
12.6994
12.1748
12.9906
12.4399
13.2875
12.679
12.8019
13.1705
12.7891
12.8385
12.6114
12.6415
13.0244
12.6149
12.7301
12.673
12.5198
12.6211
12.6495
12.815
13.0501
12.7223
12.8503
13.0021
13.1644
13.07
12.4716
13.0555
12.9477
13.0332
12.6823
12.8264
13.0082
13.1798
12.4644
12.8861
12.5115
12.6651
12.6662
12.3756
12.798
13.0601
12.4479
13.1022
13.0198
12.911
13.0577
13.2046
12.8403
12.9407
12.7891
12.3323
12.7626
12.9125
12.8555
12.9048
13.3275
12.3228
12.752
12.5267
12.5445
12.9133
12.6849
12.8887
13.0046
12.7982
12.9118
13.0017
13.1799
12.6343
12.6517
13.0778
12.6059
12.7014
12.7803
12.7863
12.9426
13.1695
13.0642
13.0321
12.7037
13.0362
12.8883
12.8208
12.629
12.6711
12.7393
12.7363
13.1552
12.8162
12.3377
13.1675
12.7315
13.1029
12.9907
12.623
13.0365
12.7618
13.2377
12.9695
12.8772
12.6278
13.0373
12.5273
12.921
12.8561
12.7834
12.8764
12.865
12.5635
13.1512
13.0791
13.2982
13.0646
13
12.7538
12.499
12.3723
13.0353
12.5409
12.9218
12.9276
12.6441
13.1884
13.02
13.2381
12.7097
12.7787
12.8232
12.5828
12.9109
13.0163
12.8458
12.6959
13.1601
12.9155
13.0261
12.8337
12.9011
13.0629
12.8167
13.3012
12.9083
12.6128
13.148
12.7689
12.6738
12.6866
12.8515
12.6936
12.9324
13.1448
13.1021
13.0361
13.0598
13.014
12.3558
12.9794
12.7824
13.2322
12.5928
12.9467
13.007
13.1297
13.2913
12.8575
13.1047
12.6821
12.8038
12.8472
13.3338
12.9304
12.9596
12.861
12.6914
13.0238
12.9633
12.7957
12.9904
13.0613
13.0976
12.5736
12.9582
13.2166
13.0348
13.0019
12.9706
12.4806
12.7182
12.7448
12.8561
13.1712
12.8761
13.2681
12.7228
12.7198
12.6381
13.0721
12.5656
12.9085
13.0436
13.4658
13.3237
13.0325
12.5719
12.8751
12.722
12.3917
12.9104
13.108
12.9027
12.5435
13.0806
12.8858
13.2196
12.3998
12.7466
13.1866
13.1367
13.5843
12.8785
12.7158
13.0935
12.7571
12.8562
12.8672
13.2441
12.8704
13.3718
12.6573
12.8104
12.7102
13.0215
12.9566
12.8403
12.8693
12.7532
12.9653
12.8445
12.6874
12.9806
13.1623
13.1486
12.995
12.5148
12.7247
13.2657
13.0764
13.1127
13.297
12.9744
13.039
13.0173
12.7717
12.9876
12.883
12.9579
12.7858
12.9878
12.9442
13.3028
12.5988
12.63
12.9654
12.9215
12.9935
12.5358
13.2611
13.1873
13.2103
13.2435
12.5332
12.4085
12.8581
12.9287
12.9873
13.2402
13.2266
12.9415
13.0428
12.6131
13.0982
12.8367
12.9694
12.9266
13.0114
13.5948
13.2842
13.2741
13.2636
12.7118
12.8028
12.7129
12.7727
12.9069
12.9109
12.7345
13.0335
12.9112
13.2795
13.3459
12.8481
12.6406
12.9525
12.907
13.0588
12.447
12.7669
12.7342
12.5869
12.4041
13.0152
12.7798
13.1677
12.805
13.3217
12.724
13.0165
12.8733
13.0714
12.9957
12.8061
12.6732
12.6074
12.9734
12.6721
12.9691
12.9387
12.8395
13.0301
12.822
12.8316
12.6089
12.8184
13.2128
13.0552
12.9575
13.0229
12.8581
12.9202
13.0937
12.9392
12.8683
12.8358
12.9942
13.0895
12.9025
13.0552
12.9694
12.5706
12.7235
12.4699
13.3591
13.0812
13.0544
12.9407
12.974
12.7515
12.9271
12.5901
12.8278
13.0988
12.8401
12.8956
13.0898
13.0627
13.1586
13.4522
13.2368
12.5203
12.6999
12.6618
12.6824
12.4618
12.8465
12.7035
13.0791
12.4469
12.6955
13.3618
13.0128
12.5807
13.0722
13.0119
12.8216
12.5418
12.9268
12.8885
12.9655
13.3072
12.6493
13.2037
12.8214
12.6621
12.6531
12.9039
12.6153
12.9604
12.843
13.178
13.1534
12.6623
12.6907
12.9071
13.0718
12.8807
13.0745
13.0575
12.6295
13.0702
12.9167
13.1179
12.9613
12.9849
13.0125
12.7991
12.7818
13.2362
12.942
13.0168
12.9909
12.9335
12.7137
12.8366
12.7566
12.5232
12.4654
13.4761
12.5593
12.6937
13.1876
12.4968
12.8648
12.5349
12.7577
12.3605
12.7886
12.7817
12.3412
12.675
12.9309
12.8728
12.817
12.9144
13.128
12.642
13.1074
12.7562
12.9584
12.9043
12.6011
12.8695
12.862
13.1741
12.6014
12.9481
12.7915
12.6604
13.1417
12.502
13.4007
12.4839
12.7397
12.9261
12.779
13.1005
13.1705
13.1357
12.7197
12.7471
12.9091
13.0072
12.6414
12.6479
12.8417
12.8373
12.6827
12.1328
13.2018
12.5552
12.9779
13.126
12.5781
12.9496
12.9947
12.7194
12.325
13.1862
13.0973
13.1511
12.975
13.3579
12.8393
12.4845
12.651
12.9088
12.971
13.0392
12.7019
12.6478
12.7591
13.1016
13.2473
13.6047
13.1722
12.7276
12.806
13.3523
12.9938
13.1826
13.2304
13.091
13.0576
12.8115
12.7991
12.953
13.1495
13.0585
13.6479
13.0802
12.8861
12.7324
13.4158
12.9433
13.0439
12.8308
13.2608
13.1981
12.8567
12.7208
12.8657
12.8308
12.7214
13.2951
13.1117
12.3244
12.8836
13.4025
13.0037
12.8584
13.0143
12.8424
12.8667
13.0492
13.3837
13.0374
13.354
13.151
13.4208
13.0799
12.7849
13.1301
12.9513
12.81
12.9764
13.0406
12.489
13.0234
12.7751
12.7467
12.5992
12.4915
12.7112
12.7845
12.4094
13.0705
13.1815
12.6959
12.906
13.0124
12.8234
13.399
12.8908
12.7475
12.9754
12.5269
12.5749
12.826
12.7933
13.069
12.9645
12.7489
12.6998
12.7852
13.1239
12.7389
12.324
12.6523
12.9128
13.0129
12.947
12.725
12.6442
12.675
12.5924
12.6605
12.615
12.6314
12.8463
13.1708
12.9548
13.0111
12.8879
12.5379
12.7088
12.9263
13.0224
12.8481
12.7771
12.4834
12.5565
12.7264
13.1176
13.0229
13.0766
13.0043
13.5333
12.8916
13.1223
12.634
12.74
12.8778
12.8391
12.9059
12.9737
12.9131
13.0725
13.0512
13.0003
13.0105
12.7944
12.6583
12.6386
13.3197
13.2185
12.8612
12.5305
12.8837
12.8862
12.8289
12.6024
13.1131
12.8232
12.5917
13.0387
12.6237
13.1718
12.6585
12.7311
12.8588
12.8515
13.3418
12.8586
13.0064
12.4969
12.6812
12.8475
13.1474
13.0428
12.8949
13.2394
12.812
12.904
12.5665
12.8044
12.7662
12.8655
12.7571
12.9766
13.0116
12.6172
13.0496
13.1101
12.812
12.8442
12.5877
13.0369
12.9345
13.3077
12.2708
12.8572
12.922
12.992
12.8735
13.0566
12.4039
13.1217
12.9035
13.0429
13.2666
12.9468
13.184
13.2378
13.1527
13.1373
12.6758
12.942
12.9037
12.8018
13.1426
12.6947
13.0073
12.6158
13.3111
12.9216
12.3351
13.2059
12.7932
12.5257
13.0533
13.2929
13.0611
12.4679
12.5498
12.8674
12.9967
13.0112
13.102
12.8324
12.9942
12.9067
12.8605
13.2171
12.8039
13.0119
12.3377
12.8409
13.3414
12.826
13.0494
13.2667
12.9867
12.7895
13.0506
12.9531
13.044
12.5207
13.2319
13.033
13.1347
12.9008
12.8246
12.774
13.0558
12.8597
13.1156
13.1547
13.1783
12.873
12.8343
13.1789
12.9723
13.0585
13.025
12.7004
13.0331
13.1912
12.6937
13.4637
12.9776
13.5215
12.8829
13.213
12.5058
12.8442
12.617
13.2076
13.0269
13.1807
13.0215
13.052
12.827
12.707
13.1367
12.8438
13.0332
13.1659
13.1667
12.9321
13.0782
12.985
13.0144
13.0468
12.9474
13.1382
13.2847
13.1204
12.9198
13.222
13.1854
13.0423
12.8088
12.8077
13.2844
12.796
13.3442
12.9165
12.6806
12.9576
13.398
13.3357
12.8113
13.053
13.08
12.7474
13.3324
13.2489
13.2184
13.3668
13.2131
13.0078
13.137
13.0842
13.1726
12.9085
12.8066
12.9618
13.0197
13.5985
13.151
12.6473
13.0858
12.7844
12.84
12.6831
13.2872
13.247
13.2707
12.9598
12.9505
13.066
13.064
12.7994
12.9528
13.2503
12.8089
12.6392
13.2013
12.7585
12.8014
13.2998
12.9044
12.6352
12.7486
13.6955
12.9616
13.1676
12.9826
12.866
13.0567
13.1631
12.5745
13.2993
12.7714
12.5781
12.807
12.9603
12.8367
12.608
12.7312
13.1429
12.6182
12.9646
13.1921
12.9954
12.7586
12.6453
12.369
12.9083
13.2003
12.7024
12.7583
12.3985
13.0668
13.0355
12.8807
12.75
13.0714
12.8577
12.6829
13.0596
12.5897
12.7875
13.5124
12.9725
12.7757
12.3189
13.1726
12.9439
12.8389
12.693
12.6423
12.5012
12.7341
12.9829
12.7707
12.8012
12.9078
12.8375
12.4507
13.1411
12.8891
12.4965
12.709
12.6179
12.5451
13.023
12.5111
13.321
12.5207
13.1452
13.0473
12.8488
13.1941
12.3898
12.6006
12.8832
12.2856
13.2422
12.6115
12.7459
12.8156
13.1417
12.516
13.1851
12.3841
12.3485
13.0819
12.8104
13.0419
13.1002
13.3258
12.8188
12.674
12.9346
12.5042
12.7303
12.8161
13.029
13.2548
13.1251
12.9141
12.7154
12.8517
12.8163
13.0463
12.7482
13.1674
12.9503
13.225
13.1216
12.546
12.7331
12.8423
12.976
12.7341
12.9624
13.1566
13.0289
12.8026
12.7378
12.7546
12.9296
12.9609
12.7452
12.7734
13.0801
12.7466
12.7642
12.2784
12.4386
13.1253
12.8325
12.9188
13.1269
13.0411
13.0875
13.0362
12.6489
13.0734
12.8531
12.5769
12.8695
12.9285
12.689
12.5443
13.2008
13.089
12.555
12.4746
12.5283
12.7764
12.7126
12.9357
12.8151
12.9807
12.5535
12.6528
12.7746
12.8612
12.8931
12.4091
12.7819
12.7863
12.759
12.8079
12.7613
13.0489
12.4672
12.4721
12.9172
12.7536
13.1768
12.4946
12.8168
12.8843
12.8744
12.3271
12.8055
12.6435
12.9849
12.8364
12.8208
12.7869
13.0476
12.8357
12.9439
13.1962
13.1166
13.5001
12.7125
13.1592
13.0299
13.0207
12.8912
12.7585
12.7202
13.066
13.3968
12.9182
13.1556
12.835
12.9372
13.2992
12.9803
13.0928
13.0313
13.2207
13.1767
13.2442
12.4962
12.6061
13.0185
13.01
12.8318
13.1121
13.1791
12.6349
12.8195
13.1229
13.2112
12.5968
12.899
12.8335
12.8249
13.0072
12.8909
13.1239
12.5312
12.8408
12.8134
12.4024
12.9813
12.5201
12.7986
12.8386
12.996
12.3813
12.6556
12.4943
12.9206
12.7608
12.552
12.4524
12.9102
12.8719
13.1924
12.5213
12.7761
12.8482
12.9912
12.7705
12.8662
13.3627
12.2998
12.4196
12.6938
12.3895
12.7252
12.6481
12.61
13.1297
12.871
12.7334
12.4822
12.5148
12.7681
12.5575
12.6762
12.8853
12.8521
12.257
12.5721
12.8209
12.6739
12.6377
12.5115
12.8353
12.6562
12.9852
12.581
12.8472
12.6568
12.6271
12.6541
12.7036
12.5954
12.7891
12.6351
12.7169
13.1152
12.7496
12.7728
12.8643
12.9833
12.7029
12.9729
13.102
12.684
12.5641
12.7077
12.2794
12.7524
12.8893
13.0343
13.2188
12.5425
12.586
12.5847
12.9784
12.6036
12.8549
12.7377
12.6773
13.0347
12.7979
12.8748
12.3842
12.3741
12.7016
12.8172
12.5893
12.5831
12.7683
13.2344
12.665
13.1691
12.6357
12.7658
12.4066
12.9011
12.6721
12.5993
12.6128
12.8254
13.0168
13.0015
12.6733
12.9499
12.7842
12.7467
12.7876
13.0788
12.9039
13.0869
13.0596
12.6974
12.939
12.5616
12.6226
12.5405
12.7582
12.6356
12.788
13.1634
12.7569
12.8906
12.6322
12.5502
12.5627
12.661
12.9765
12.7316
13.1307
12.6999
13.1066
12.9035
12.5522
12.6318
12.7896
12.7724
12.508
12.7214
12.6045
12.5782
12.5448
12.7036
12.5626
13.1583
12.6346
12.5587
12.659
13.1921
13.2299
12.96
12.7633
12.549
12.7626
13.0522
12.4731
12.913
13.0711
13.3201
12.9897
12.6481
12.9244
13.1552
12.9974
12.7216
13.2841
12.8214
13.0902
12.3796
12.7183
13.0506
12.6071
13.3226
12.564
12.141
12.67
12.8833
12.5728
13.0556
12.7372
12.8682
12.8319
13.208
12.6733
12.5816
12.8142
12.6507
12.7559
13.0905
12.8207
12.8157
13.3635
12.9319
13.0319
12.5016
12.8969
12.5489
12.4915
12.5826
12.9202
12.7568
12.8334
12.7389
12.6377
12.7561
12.8977
13.3383
12.9872
13.3342
12.8564
13.2941
12.9309
13.0755
12.9689
12.6162
12.9248
12.6782
12.5644
12.4818
13.0827
12.5195
12.8044
13.2418
12.7234
13.0211
12.836
12.9633
12.9057
13.2447
13.3855
12.8478
13.116
12.6874
12.8095
13.0887
12.6679
12.985
12.7364
13.3197
13.1237
12.7701
13.2351
13.0532
13.0711
12.9551
12.7801
12.9052
13.5121
13.0196
12.9561
13.0051
13.3611
12.9225
12.8797
12.8435
12.716
12.9685
12.9386
13.0589
12.8863
13.074
12.8113
12.8878
12.9577
12.6087
12.389
12.4578
12.7118
12.7796
12.8452
12.6025
12.8108
12.6678
12.5534
12.7852
12.8495
12.7878
12.9282
13.0134
12.8311
12.9903
12.7612
12.9116
12.6542
13.0938
12.6358
12.3098
12.7403
13.1194
13.0381
12.6943
12.631
13.0427
12.9822
12.5994
12.5323
12.778
12.6906
12.876
12.3278
12.389
12.689
12.8762
12.5264
13.0484
12.8623
12.4477
13.0951
12.7427
13.0697
12.2384
12.6408
12.5185
12.2994
13.089
12.8403
13.2109
12.272
12.5569
12.2358
12.5719
12.6153
12.4424
12.8349
13.053
12.9476
13.0351
12.5685
12.8387
12.7912
12.6818
12.8221
12.6938
12.6325
12.7149
12.8155
12.7781
12.3793
12.5524
12.591
12.7612
12.7289
13.2217
12.9086
12.8327
12.5423
12.7493
12.845
13.0101
13.3152
12.9573
13.3996
13.1857
13.3236
13.0702
13.3096
12.8836
12.7482
12.903
13.081
13.2097
12.7672
13.5209
13.0462
12.3453
12.911
13.0037
12.9992
12.7474
12.965
13.5122
12.9628
12.9314
12.9868
13.2771
12.6434
12.9953
13.0412
13.3949
12.848
13.001
12.8663
12.9982
12.8382
13.2112
13.0922
12.7377
12.8685
12.9386
13.2796
12.9246
13.3811
12.9115
12.9016
12.8764
13.282
13.1778
12.7535
12.4962
12.8799
12.8721
12.4478
12.4347
12.9782
12.7337
13.2503
12.8315
13.1852
12.847
12.7639
12.6941
12.5971
12.6882
12.6371
12.6512
13.2484
13.1913
12.9713
13.0369
13.0942
12.9181
12.9892
12.7112
12.9925
13.0511
12.9811
12.6882
13.4251
12.4954
12.8687
12.7007
12.7932
12.5598
13.1024
12.4746
13.1126
12.8733
13.013
12.8902
13.0984
13.2923
13.1005
13.177
13.3106
13.1172
13.0637
13.247
13.1094
13.5069
12.9999
13.1661
13.1762
12.6852
12.4497
13.1633
13.1092
13.1414
12.8275
13.1298
13.3859
13.3656
13.1371
13.018
13.3794
13.4985
13.4167
13.3887
13.0555
13.0042
13.314
13.3512
13.113
13.0663
12.8373
13.0796
12.8477
12.9385
13.3014
13.1311
12.8598
12.9094
12.9553
12.9379
13.1267
12.8797
12.9916
12.9363
12.9212
13.0536
12.6147
12.9575
12.8896
13.0265
13.0309
13.4159
13.1095
12.8282
12.9326
12.9466
12.9558
13.2594
12.9582
13.3383
12.7618
13.1311
12.9142
12.7028
12.7205
12.6133
12.7054
12.7907
13.0355
12.8754
13.1066
12.7901
13.4577
12.8813
12.8279
12.6665
13.0846
13.1547
13.415
12.696
12.741
13.0171
12.693
12.584
13.0935
12.9848
12.9773
13.0795
12.8056
13.0195
13.1042
13.3774
13.0225
13.42
12.993
12.9614
13.0229
12.6801
13.1565
13.1797
13.1055
13.2017
13.1875
13.3596
13.0242
12.8685
13.1898
12.9413
12.5347
13.3324
12.9141
13.2441
13.0343
13.3603
12.8949
12.9853
13.1108
12.5727
13.0157
13.4169
12.9686
12.7819
13.0965
12.8298
12.9766
12.9103
12.803
13.0751
12.8762
12.6499
12.9951
12.8857
12.8219
13.0187
13.1559
12.74
12.5972
12.9831
12.8405
12.9664
12.8616
12.9892
13.0761
13.2285
13.1005
12.8196
13.1721
12.9004
12.643
12.9561
13.2713
12.9116
12.6509
12.9858
13.0702
12.6504
12.693
12.9574
12.6457
12.8372
12.7896
13.1416
12.9177
12.981
13.0741
13.0218
13.0664
13.242
12.9068
12.3742
12.9094
12.8567
13.423
12.998
13.4927
13.289
13.1798
12.9909
12.6615
13.0506
12.9726
13.013
12.9654
13.0021
13.3508
12.803
12.9304
12.9511
13.4616
13.3473
13.8253
12.995
12.8214
13.0533
13.1529
12.9498
13.2655
13.0127
12.9469
13.5527
13.3243
13.1882
12.9637
13.3274
13.0554
13.193
13.253
12.7225
12.7808
12.634
12.8377
13.0118
12.8698
12.7775
13.4492
12.9592
12.8348
12.6301
12.9228
12.8384
13.0228
13.253
13.2655
12.907
12.837
13.3381
12.5072
13.0253
12.673
13.0861
12.6432
13.3101
13.4081
12.9137
12.6054
12.8564
12.7744
12.9578
12.6399
13.1441
13.026
12.7814
12.238
12.6311
13.0649
12.9124
12.7164
12.5513
13.3264
12.8362
13.28
13.1289
13.094
12.8148
12.7222
12.8684
12.7098
13.1565
12.6625
12.6945
13.1307
12.894
12.7558
13.3803
12.9852
13.287
13.3324
12.9507
12.8501
13.0348
13.3655
12.7604
12.6847
13.2414
13.0644
12.8694
13.1527
13.3418
12.7047
13.048
13.2933
12.8549
12.7365
12.7623
12.6171
12.6843
13.2488
12.8116
13.1614
12.7992
12.5382
12.7943
12.5048
12.9301
12.74
12.9138
12.4754
13.139
13.2403
12.7978
12.7966
12.9098
12.8006
12.6901
13.223
12.7258
12.8338
13.1779
12.895
12.7002
12.8351
12.7705
12.6242
12.7756
13.1371
12.8521
13.2611
12.7875
12.5401
12.7723
12.6513
13.0354
12.9009
12.9375
13.187
12.684
12.7978
12.8533
12.7238
12.4786
12.7289
12.6525
13.1785
12.844
13.0514
12.4653
12.9677
13.0572
12.4181
12.8662
12.7246
12.4407
12.5439
13.1621
12.9792
12.5119
12.7543
12.6855
12.6249
12.9383
13.0234
12.5979
12.662
12.5804
12.9547
12.515
12.5951
13.1172
12.5957
12.6314
12.6986
12.7229
12.4648
12.4428
12.5375
12.7087
12.8421
12.5272
12.6863
12.6876
12.4433
12.9291
12.6968
12.52
12.6051
12.8146
12.3946
12.9218
12.8932
13.032
12.9783
12.6894
12.6603
12.5243
12.594
13.1116
12.5713
13.0409
12.8771
12.4104
13.0178
13.1497
12.8814
13.2076
12.5556
12.8991
13.085
12.62
13.0971
12.9593
12.9258
13.2886
13.1661
13.4332
13.031
12.6943
12.5033
12.6642
12.7686
12.7188
12.894
12.6922
13.1128
12.8037
12.9174
12.9901
12.2894
12.8426
13.0202
13.0707
13.0175
13.0096
12.7129
12.8527
12.671
13.3664
13.4231
13.1654
13.0957
13.0685
12.9651
12.972
13.0742
12.758
13.2104
13.0191
13.3368
13.295
13.3859
13.0586
13.4227
13.4338
13.1339
13.3514
13.3466
13.2916
13.0743
13.1936
13.4235
12.9729
13.0638
13.0037
13.2045
12.7373
13.2303
13.1591
13.0268
12.7788
13.2265
12.6996
12.8107
12.5891
12.548
12.9393
13.0335
12.7703
13.1077
13.1149
12.8212
12.7188
13.0002
13.3809
13.2342
12.9125
12.9124
13.3618
13.0423
13.1315
13.2093
12.5693
13.0598
12.8912
12.9666
12.9659
12.8855
12.7699
13.0594
12.7315
12.7614
13.006
13.5301
13.0216
12.9936
12.8383
13.3544
12.841
13.1781
13.2316
13.4106
12.8032
12.9255
13.1328
13.0282
13.0475
13.1986
13.3438
12.6713
13.3537
13.1965
13.028
13.0404
13.1614
12.9
12.9999
12.8914
13.0391
12.9484
13.0063
12.7951
12.7998
12.8723
12.7642
12.87
12.6653
12.8885
12.9081
12.925
12.9739
13.1035
12.8547
12.6712
12.6004
13.1029
12.591
12.8209
12.2149
12.732
12.7041
13.0401
12.9541
13.0357
12.6898
12.8724
12.5897
12.8567
12.7257
12.9134
13.1192
12.9375
12.7223
12.7972
12.6856
13.0852
12.7097
12.6021
12.9464
12.6567
13.0167
12.6346
12.7584
12.601
12.9161
12.2791
12.1685
12.9653
12.7699
12.7559
12.9616
12.3822
12.3746
12.7227
12.6079
12.1779
12.6509
12.9747
13.0278
13.0088
12.8186
12.7342
12.6143
12.4487
12.9214
12.6431
12.5691
12.6482
13.4227
12.7069
12.8418
12.7837
12.7821
12.7649
12.7228
13.1115
12.8686
13.1065
13.0773
12.8797
12.6198
12.8008
12.7871
12.877
12.9165
13.4586
12.8781
13.0278
12.6768
12.9918
12.277
12.8822
12.4176
12.7542
13.0162
13.2841
13.0255
12.9488
12.8287
12.5016
12.5946
12.6343
12.8198
12.577
12.7358
12.6096
12.2898
12.6083
13.102
12.278
12.4063
12.4088
13.0443
12.6923
12.4119
12.4497
12.5036
12.6139
12.8234
12.8062
13.399
12.8843
12.749
12.6348
13.191
12.8649
12.6695
13.1215
13.1446
12.7595
12.9945
13.0347
12.7442
12.8932
12.77
12.7193
12.5697
12.7838
13.0316
13.1303
13.2197
13.103
13.0157
12.9944
12.8405
13.0158
13.0847
13.0604
12.8285
12.6453
12.8948
12.6121
12.6858
12.9165
12.5955
13.1618
13.1069
12.8047
12.9391
12.6061
12.9852
12.7752
12.6807
13.1098
12.9987
13.0316
12.7877
13.0662
12.8549
13.2189
13.0729
13.0872
12.7269
13.1259
12.7269
12.6302
12.8712
12.7471
12.6912
13.1097
13.0915
12.7613
12.8122
12.7651
12.5974
12.7286
12.8475
12.8147
13.143
12.6658
12.7381
13.3156
12.5942
13.1225
12.816
12.776
13.1673
12.9394
12.9452
13.4958
13.4749
13.0686
12.7066
13.1724
12.8645
13.0618
13.033
13.101
12.7476
12.9929
13.2986
13.0667
13.0858
13.0611
12.8348
12.8394
13.404
12.918
12.9924
12.9651
12.883
13.0365
12.7717
12.8521
13.0286
13.0336
12.8003
13.1673
12.9131
13.1686
12.448
13.3519
13.0787
13.4782
13.4828
13.0631
13.2333
13.2669
12.8499
13.2073
12.7579
12.3114
12.6221
12.8884
12.7641
12.909
12.8516
13.1106
12.7291
13.2245
12.6742
12.9892
12.9992
12.871
13.0737
12.903
12.9789
13.0237
13.1244
12.8238
13.1458
12.5268
12.5294
12.831
12.9448
12.6236
12.9447
13.4047
12.607
12.9587
12.7691
12.7475
12.8893
13.236
13.1561
12.8229
12.8628
12.584
12.8161
12.9183
12.8663
12.46
12.7321
13.0557
12.5863
12.9912
12.6068
13.2096
12.7837
12.9841
13.0037
12.9123
13.0285
13.0292
13.1137
12.7143
12.7613
13.2421
12.6156
13.0164
12.7856
12.7534
13.1394
13.1222
12.6163
13.0744
12.8744
12.5033
13.0621
13.2039
13.2312
12.6061
12.6523
12.5559
12.6898
12.7386
12.4258
12.6757
12.7786
13.0167
12.7543
12.7064
13.0443
12.428
12.811
12.4636
12.3885
13.118
12.9823
12.8033
12.6779
12.937
12.6651
13.4344
12.8785
13.1876
12.4802
12.7428
12.8417
12.6181
12.854
12.6016
12.7031
12.9394
12.9352
12.8615
13.2386
12.884
13.0189
12.9894
13.2919
13.1833
13.1913
13.0257
12.6194
13.1714
12.8454
13.1983
13.1222
13.1677
13.1491
12.8102
12.805
12.991
12.9553
13.3638
12.5272
12.7103
12.5753
12.5886
12.5671
12.735
13.0229
12.8416
12.5821
12.9905
12.7416
12.6939
12.8872
12.906
12.867
12.9844
12.4657
12.8106
12.5913
12.8667
12.7307
13.0763
13.0217
12.9558
12.8175
13.534
12.8562
13.3113
12.5415
12.9023
12.9728
13.0867
12.9635
13.0177
12.9864
12.8257
12.7897
12.7831
12.7276
12.9893
12.6595
12.709
13.2086
13.3103
12.6102
12.7724
13.1689
12.6296
12.9359
12.8512
12.4334
13.0307
12.7771
12.8895
13.0358
12.6392
12.8665
13.0663
12.4031
12.8332
12.5974
13.0013
12.7242
12.9273
12.7955
12.6729
12.2593
12.715
12.7629
12.9358
12.9294
12.6304
12.946
12.473
12.4112
12.8592
13.1969
12.7127
12.5865
12.7892
12.9671
12.7306
13.0339
12.9668
12.8692
12.9199
12.7772
12.7493
12.7109
13.0737
13.0782
13.0041
13.2029
12.6779
12.7176
12.6654
12.5878
12.9135
13.4767
12.5529
12.4969
12.6484
12.7256
