2.77804
3.08054
2.89805
2.60074
2.7169
3.0272
3.03618
2.61677
2.82236
2.7802
3.29083
2.88964
2.70242
2.76304
2.41816
2.88572
2.65221
2.63101
2.75624
2.78248
2.59827
2.79019
2.6164
2.86337
2.39042
2.9825
3.07237
2.78095
2.27262
2.62001
2.78117
2.87454
2.7617
2.85127
2.65054
2.51654
2.63537
2.90502
2.587
2.4287
2.83845
2.64789
2.87076
2.75934
2.59088
2.7626
2.96996
2.68938
2.6815
2.90416
2.32208
2.39368
2.83726
2.72416
2.78676
2.61738
2.92945
2.98027
2.49324
2.49648
2.93346
2.69739
2.5818
2.64456
2.74861
2.41745
2.74848
2.92159
2.93956
2.89747
2.63871
2.85573
2.94376
2.68128
3.13296
3.06031
2.7604
2.94011
2.68907
2.97803
2.5463
2.82612
2.76493
2.75168
2.79467
3.22876
2.68957
2.72982
2.84034
3.04976
3.11066
2.96715
2.95282
2.99094
3.05646
2.5605
2.44856
2.99336
2.711
2.99887
2.69881
2.62772
2.40298
2.50028
3.08317
2.79854
2.93066
2.77148
3.03449
2.60384
2.37471
2.63375
2.38575
2.67436
2.47859
2.22091
2.56512
2.65509
2.40673
2.58715
2.76508
2.16401
2.70501
2.86123
2.83404
2.55937
2.89754
2.58775
2.76484
2.7714
2.92445
2.74463
2.63713
3.08551
2.83164
2.88726
2.52192
2.83742
2.77978
2.61075
2.49608
2.46679
2.62129
2.48173
2.46024
2.88025
2.91447
2.65617
2.29102
2.89033
2.16773
2.79157
2.79688
2.65925
2.42286
2.74609
2.67744
2.46705
2.59158
2.59095
2.40346
2.13959
2.87536
2.48498
2.62473
2.60305
2.76762
2.43972
2.54382
2.62907
2.6623
2.38695
2.71418
2.54386
2.68098
2.72502
3.02398
2.49552
2.48866
2.80407
2.58017
2.38822
2.87144
2.77337
2.5107
2.55236
2.40337
2.8316
2.65167
2.60003
2.53877
2.56635
2.77267
2.75182
2.80151
2.56671
2.79867
2.59635
2.97173
2.95061
2.77715
3.01414
3.1006
2.80148
2.87906
2.93024
3.27392
3.15578
3.2881
2.62836
2.65494
2.85027
2.78676
2.82882
2.81166
2.94936
3.10908
2.8537
3.04276
2.87787
3.09611
2.64952
2.83297
3.31326
2.49168
2.43806
2.82628
3.19899
2.9366
3.3565
2.88101
2.64961
3.00568
2.63109
3.19206
2.75256
3.16497
3.10544
2.95689
2.56759
2.97176
2.92044
3.17507
3.20132
2.78523
3.17716
3.25136
2.80784
2.87932
3.02089
2.71038
3.08163
2.90134
3.07206
2.59091
2.76375
3.06103
2.73511
2.94133
3.12209
2.87703
2.97261
2.9439
2.96393
2.41858
2.94987
3.03267
2.96713
2.85146
3.19694
2.70699
2.86377
2.86794
3.31481
2.86191
2.33607
3.30707
2.85693
3.16694
2.84925
2.78326
2.89755
3.10756
2.79943
3.22031
2.81624
3.37655
2.8829
2.6592
2.80644
2.47589
2.95797
2.92796
2.96643
2.92342
2.71747
2.78088
2.67201
2.5203
2.49373
2.59706
2.60099
2.83889
2.40307
3.08501
2.61621
2.7687
2.68567
2.7079
2.89597
2.52833
2.66424
3.23431
2.54185
2.85649
2.8529
2.83829
2.77806
2.94275
2.82542
2.11894
2.423
2.60519
2.85478
2.85472
2.90907
2.9316
2.97868
2.96055
2.81817
3.32148
2.65416
2.67342
2.73192
2.68544
2.33836
2.604
2.46354
2.64983
2.94199
2.69722
2.82287
2.69095
2.75248
3.03726
2.85214
3.17274
2.90351
2.78926
2.92595
2.81684
2.87776
2.93885
2.35226
2.73456
2.71259
2.70655
2.69086
2.85515
3.12245
2.63439
2.62504
2.75816
2.71258
2.38898
2.5414
2.90832
2.93842
2.86366
2.53535
2.96018
2.87215
2.78574
2.70925
2.6654
2.82953
2.84251
2.98804
2.81137
2.18549
2.84084
2.89897
3.05431
2.70591
2.88748
2.51206
2.5982
2.95795
2.8479
3.09783
2.99564
2.87177
2.83631
3.24846
2.95274
2.58555
2.97986
2.8512
3.07467
2.68214
2.56679
2.99661
2.87348
2.76425
2.81117
2.68918
2.54057
3.23029
2.45654
2.59518
2.77382
2.55465
2.96056
2.69812
3.0064
2.93268
2.73502
2.78814
3.13526
2.78153
2.89812
2.6325
2.83393
2.66309
2.97409
2.83559
2.85318
3.17878
3.17685
2.97181
2.70024
3.02601
3.06074
3.21214
3.30746
2.59919
2.86251
2.45982
2.9515
2.7665
3.1678
2.83716
3.14103
3.11841
2.87604
2.51821
2.72401
2.52812
2.56475
2.95815
3.03268
2.82313
2.65023
2.69757
2.87194
2.65358
3.00464
3.17961
2.85754
2.86564
2.94998
2.96987
3.01215
3.1222
2.86774
3.42508
3.09395
3.10789
2.84815
2.72476
3.03038
3.17257
2.49999
2.8955
2.86448
2.97549
2.62174
3.14826
3.04796
3.0324
2.803
2.96593
2.83311
3.01295
2.54081
3.08542
2.96733
2.95854
3.17645
2.9319
2.77892
2.66893
2.48803
3.08238
2.78684
2.72476
2.79317
2.94562
2.82933
3.05308
2.43881
3.00573
2.8968
2.84214
2.93012
3.16319
2.97033
2.69163
2.6078
2.6594
2.66871
3.13697
2.91303
2.88798
2.78402
2.90592
2.92907
2.89888
2.92406
3.05982
2.99826
2.93806
3.00554
2.75487
2.7653
2.63119
2.88472
2.7135
2.79562
2.09166
2.74739
2.73819
2.50938
2.57936
3.11285
2.99797
2.29428
2.95803
2.79309
2.76278
3.09673
2.94918
2.62897
2.18955
2.85824
2.89225
2.78757
2.98885
2.50192
2.70498
2.57679
2.53443
2.97773
2.53526
3.15258
2.6302
2.73595
2.94833
2.77747
2.69319
3.02036
2.79404
2.63835
3.0094
2.79205
2.7112
2.87856
2.6244
2.43915
2.69803
2.84193
2.94042
2.79946
3.03875
2.67949
2.74095
2.71901
2.85194
3.27378
3.24244
2.97133
2.89792
2.62522
3.27248
3.12172
2.68718
2.8093
2.46185
3.15003
3.22904
2.92293
3.02633
3.19379
2.92117
2.97467
2.90424
2.65922
2.80457
3.06944
3.3183
2.63341
3.21509
2.9405
2.55451
2.94269
3.29924
2.84172
2.95709
2.50085
2.86746
3.01648
2.52812
3.16305
2.77995
2.96301
2.80774
3.17117
2.96435
2.85892
3.15146
3.10002
3.30609
3.1417
2.80521
2.85179
2.71594
3.05357
3.14008
2.77217
2.89364
3.16355
2.95922
2.65867
3.15447
2.96386
3.03047
2.973
3.18673
2.79698
3.19122
2.99301
3.60716
2.74194
2.95531
2.8325
2.91613
2.60384
3.15753
2.5948
2.97694
2.82648
3.08545
3.04802
2.31365
2.81484
3.23785
2.55615
3.23572
3.34324
2.74004
2.97816
2.61518
2.84764
3.07278
2.94542
3.19525
2.62312
2.81501
2.64605
3.03646
2.53221
2.59821
2.94015
2.74067
2.90118
2.80344
2.74752
3.14286
2.85847
2.77253
2.54952
2.5305
2.95223
3.01139
2.995
2.84665
2.98283
2.92364
3.0276
2.89982
3.45046
2.7316
3.15775
3.24406
2.70332
2.90463
3.00652
3.09057
2.66569
3.39084
2.82703
3.50724
3.14261
3.06485
3.30139
2.96336
3.07198
3.12344
2.72158
2.66469
3.18188
2.49767
2.70752
2.95573
2.50333
2.86864
2.74255
3.12936
2.65907
2.82604
2.72991
2.75534
3.08924
2.878
2.88304
3.00344
2.93573
3.22477
3.20935
2.89662
3.00903
2.75142
2.88847
3.06233
2.75355
2.96284
2.70134
2.97309
3.07219
2.72348
2.88116
2.84611
2.99706
3.01872
3.1482
3.04488
3.10703
2.87866
2.61061
3.50881
2.4772
2.77189
3.00665
3.08183
2.61048
2.84467
2.81297
3.08423
2.96486
2.72246
2.6125
3.09899
2.77703
3.17815
3.09565
2.72841
2.84654
2.5946
2.64285
3.06752
2.78825
2.84186
2.91239
2.89403
2.72212
2.87253
2.72762
2.92647
2.95268
2.66986
3.00967
2.95283
3.1873
2.87473
2.73774
2.62328
2.83432
3.19512
3.31977
2.91803
3.28334
2.90478
2.86286
3.0027
2.38534
2.95815
3.23218
2.50439
2.48986
2.76295
2.78033
2.85848
3.07629
2.86863
2.81304
3.05942
2.80175
2.48417
2.81194
2.89523
2.78351
3.07151
3.11542
2.9135
2.82803
2.80678
3.09349
2.78369
2.69269
2.67896
3.01966
2.75234
2.78477
2.54959
2.82684
2.92764
2.57684
2.68073
2.97035
2.32604
2.74303
2.93743
2.59986
2.82473
2.82809
2.57934
2.65285
2.59841
2.86203
2.50844
2.86905
2.73825
2.76311
3.01269
2.60009
3.06777
3.12427
2.9059
2.34678
2.82101
2.63994
2.629
2.40096
2.55723
3.11996
2.86279
3.00515
3.04152
3.06388
2.89168
2.60413
3.02846
3.06924
2.73515
3.30471
2.84069
2.69294
3.11212
2.4894
2.93657
2.77993
3.17052
3.09205
2.99823
3.261
2.7226
3.01603
2.9991
3.00781
2.87345
3.33311
2.7094
2.84514
3.08587
2.86133
3.47601
2.37277
3.06682
3.24328
2.77393
2.5761
2.7701
3.00376
2.76762
3.13518
2.72361
2.83616
3.02058
3.20871
3.05318
3.30611
3.17705
2.8183
2.56739
2.99445
2.83244
3.04638
3.053
2.89944
3.14843
3.04403
2.77225
2.97326
2.85647
3.01306
2.69769
2.98022
2.69553
3.06322
2.58362
3.28821
3.18913
3.01754
2.6822
2.98623
2.93003
3.04376
3.4528
2.9581
2.85562
3.09492
2.93761
2.97447
3.23066
2.70304
3.06537
3.20136
3.44529
2.96744
2.67771
3.14713
2.55149
3.10854
2.88775
3.0782
3.09875
2.87199
2.75436
3.05959
2.34022
2.85365
3.03692
3.04374
2.9258
3.17364
2.93438
2.99042
2.37632
2.77814
2.75082
2.81097
2.96125
2.61448
2.98428
2.68031
2.66326
2.88205
3.25433
2.6395
3.00318
2.71897
2.8517
2.78612
2.84617
3.1595
2.92766
3.02136
2.7684
2.80149
2.9491
2.37428
2.95797
3.11542
2.79468
2.72849
2.90945
2.67504
2.76069
3.0569
2.67786
3.09733
3.13507
2.8746
3.03129
2.57696
2.45525
2.85149
2.78451
2.7688
2.67018
2.68625
3.08645
2.71094
2.81299
2.75938
3.3555
3.02756
3.05111
2.60844
2.66421
2.90677
2.69095
2.95814
2.99722
2.88791
3.00766
2.87256
2.90414
2.49695
3.01241
3.38969
3.23927
2.92654
2.7647
2.75096
3.0778
2.92102
2.99493
2.71987
2.28284
2.7892
2.98399
2.47721
2.75153
2.89058
2.84905
3.2109
2.46324
2.80593
2.63491
2.6171
3.15949
2.80862
2.51678
3.28477
2.88675
2.85247
3.23237
3.04085
2.96114
2.84522
2.99137
3.04947
3.07206
2.83638
3.2323
2.48978
3.04037
2.96937
3.00989
2.92335
3.04227
2.86782
3.06058
2.66783
2.99692
2.9254
2.8046
2.93634
2.83298
2.81953
3.34247
2.36713
3.45513
2.61755
2.99816
2.844
3.27615
3.12305
3.25442
2.78374
2.6098
2.65174
3.1627
2.73048
2.97945
3.04547
3.02002
3.27784
3.12808
2.86752
2.69898
2.69194
2.81848
2.79684
3.00819
2.52464
2.5247
2.91267
2.98529
2.88469
3.06588
3.19242
3.26581
3.0287
2.82792
2.83444
2.9923
2.88088
2.70036
2.99814
2.59191
2.3708
2.68067
2.81107
3.18436
2.89072
2.64043
2.79809
2.64895
2.9712
3.1209
2.57863
2.8489
2.40464
2.76125
2.71225
2.68262
2.53508
3.14997
2.95277
2.89781
3.1742
2.3886
2.86706
2.97147
2.91865
2.89736
2.67526
2.91254
3.18403
3.21363
3.13695
3.04193
3.08455
3.0206
2.91359
3.05003
2.59222
2.91367
3.47115
3.06093
2.64954
2.66587
2.87779
3.00153
3.04432
2.86706
3.2904
2.59885
2.91941
2.86174
2.58042
2.71166
2.69508
3.07027
2.47558
2.92607
2.83307
2.68114
2.58702
2.8586
2.84469
2.79849
2.63017
3.02517
2.939
2.91062
2.9001
2.98721
2.74074
2.78903
3.01759
2.67027
3.04381
2.55123
2.96948
3.06752
3.12355
3.21378
3.01739
2.73668
2.47379
2.77252
3.27678
2.58396
3.07066
3.17821
2.66249
2.94374
2.61631
2.61
2.86512
2.61811
2.89369
2.99793
2.70375
2.64945
2.96102
2.89156
2.65297
2.32932
2.92867
2.78712
2.59885
2.60673
2.51334
3.07426
2.93591
2.70685
2.80383
2.84703
2.94002
2.57353
2.81033
2.87181
2.5036
2.64671
2.88125
2.99793
2.72614
2.87639
2.82877
2.9249
2.42016
2.60484
3.08516
2.63771
2.456
2.6173
2.6087
2.7044
3.02924
2.44869
2.9013
2.56745
2.48549
2.5965
2.65244
2.79084
2.67219
2.92327
2.53395
2.51802
2.67455
2.59714
2.71665
3.15363
2.68544
2.35813
2.50722
2.53383
2.59077
2.90199
3.09521
2.91521
2.59572
2.6466
2.66627
2.35058
2.55375
2.7314
2.87952
2.54916
2.82956
3.09158
2.84859
2.46128
2.61412
2.63146
3.11655
3.03793
2.95185
2.7799
2.34665
2.88308
2.60642
2.98139
2.93502
2.97218
2.79951
2.71233
2.75724
2.66883
2.78551
2.78416
2.63369
2.61346
2.74932
3.04293
2.95104
2.83088
2.98864
2.80233
2.85574
3.02612
2.84054
3.37529
2.94906
3.17493
3.25027
3.02861
2.91842
3.54425
3.07917
3.03367
2.77585
2.8242
2.89972
2.49691
3.01221
3.01523
2.93868
2.95077
2.94398
2.82912
2.91209
2.83236
2.91229
3.30892
3.06533
2.23817
2.64156
2.94973
3.04125
3.05644
3.03223
2.67375
2.68785
3.0695
2.6829
2.90797
2.28856
2.8678
3.05532
3.47884
2.70423
3.08653
2.43992
3.13036
2.99354
2.87079
2.44347
3.1346
2.43878
2.89856
3.04385
2.19145
2.84217
3.3271
3.36607
2.89897
3.08539
2.8195
2.80573
3.52611
2.49524
2.64584
2.93189
2.72924
3.08224
3.04124
2.75
2.72923
2.87664
3.02151
3.01914
2.58759
2.86408
2.93311
2.55344
2.32629
2.35309
2.63291
2.70207
2.76554
2.41252
2.2986
2.54551
2.48285
3.00333
3.04304
2.53212
2.47244
2.59981
2.62414
2.78967
2.98341
2.34582
2.67494
2.47
2.41747
2.54928
2.55234
2.64828
2.66302
2.58024
2.67951
2.64571
2.54147
2.66832
2.49362
2.57903
2.721
2.48263
2.68861
2.47565
2.57958
2.55206
2.69558
2.63695
2.83683
2.87349
2.32338
2.04669
2.55755
2.77773
2.62442
2.61756
2.69466
2.60801
2.81232
2.54602
2.89544
2.03906
2.51257
2.742
2.75473
2.12231
2.52206
2.60067
2.70633
2.90197
2.82563
2.8936
2.63611
2.74614
2.50475
2.49005
2.71486
2.95813
2.47392
2.56584
2.43177
2.39519
2.69846
2.23033
2.93535
2.45729
2.61935
2.37572
2.62756
2.5233
2.36566
2.41305
2.79764
2.61892
2.65367
2.77365
2.89689
2.86983
2.67991
2.95001
2.70044
2.69948
2.85471
3.00008
2.94484
2.76869
2.9045
2.80534
2.69643
2.89214
2.77269
2.73612
3.08444
2.54211
2.82181
3.09202
2.92083
2.87093
2.48717
2.2042
2.87807
2.41724
2.48411
2.52652
2.46958
2.65101
2.75737
2.40159
2.8018
2.57294
2.41362
2.77424
2.47562
2.67217
2.54309
2.48219
2.90016
2.73156
2.52874
2.89155
2.70277
2.72324
2.55308
2.69261
2.6906
2.5387
2.69001
2.82565
2.4102
2.52851
2.7057
2.4794
2.51444
3.11883
2.73964
2.70944
2.59139
2.26771
2.80186
2.98548
2.2058
3.03075
2.47877
2.62096
2.78341
2.21182
2.61051
2.77952
2.88892
2.55141
2.61082
2.55441
2.59657
2.76088
2.50507
3.02561
2.29957
2.71726
2.70459
2.51312
2.80314
2.87323
3.18506
3.15382
3.07248
3.01944
2.92203
3.03262
2.81
2.93854
2.51742
2.95918
2.75907
3.1021
3.07049
2.50417
2.80371
3.07548
2.82723
3.07282
2.88545
2.43394
2.93139
2.29839
2.72827
2.90673
2.46539
2.78101
2.76799
2.57353
2.87512
2.48345
2.81555
2.79912
2.73964
2.63133
2.62575
2.73328
2.68183
2.76693
2.74226
3.14882
2.95042
2.7896
2.57398
2.68638
2.67732
2.45029
2.64917
2.73648
2.7774
2.53664
2.87389
2.76668
3.14121
3.17782
3.07866
2.4242
2.99734
2.52395
2.59747
3.07533
2.44744
2.61224
2.61356
2.58959
2.82656
2.67381
2.71357
2.75622
2.9557
2.81998
2.93645
2.61397
2.87744
2.9822
2.61744
2.49567
2.4829
2.95396
2.83858
2.50744
2.36715
3.01758
2.83349
2.87776
2.98663
2.72992
2.9541
2.7036
2.7778
2.76293
2.49475
3.15453
2.77056
3.03112
2.44176
2.53251
2.67303
2.6404
2.5137
2.74939
2.54199
2.97703
2.5973
2.79139
3.325
2.97485
2.81387
2.90312
2.72158
2.46873
2.86803
2.78006
2.93272
2.81015
2.53129
2.37098
2.93073
2.69978
2.72492
2.56801
2.88034
2.79968
2.93666
2.51807
2.82566
2.56266
2.50136
2.77013
2.74106
2.68185
2.81301
2.71899
2.85384
2.71193
3.13539
3.01764
2.73145
2.93724
2.64575
2.63508
3.27435
2.82876
2.73892
2.9763
2.79136
2.79756
2.68006
2.58788
2.95006
2.46549
2.77822
2.5425
2.70743
2.81604
2.80918
3.29669
3.15312
3.10127
3.29889
2.36382
2.5658
3.32783
2.62821
2.70281
2.62472
2.57062
2.85771
2.92979
3.17949
3.09467
3.04839
2.89427
2.73048
2.74852
2.58386
2.99119
2.72196
3.02882
2.5287
2.54585
2.62165
2.76608
2.69314
3.0412
2.89133
2.65808
2.8368
2.76055
2.63046
2.74041
2.64159
2.64304
2.82579
2.90695
3.12483
2.84867
2.61419
2.78848
2.83357
2.4163
2.27275
2.72314
2.96183
2.95271
2.9881
3.04361
2.99768
3.0066
3.09642
2.5046
2.82994
2.603
2.68302
2.80304
2.85854
2.9005
2.98572
2.72436
2.55532
2.84631
3.29914
2.89791
3.14924
2.89833
2.82999
2.90027
2.54025
2.69451
3.01115
2.71401
2.70466
2.5056
2.87385
2.82595
2.87501
2.54904
2.89949
2.4945
3.03234
3.03824
2.73872
3.27608
3.44818
3.12081
2.96005
2.81895
2.68545
2.93758
2.86208
2.87483
2.88175
2.91414
3.23662
2.3028
2.67259
2.98346
2.85138
3.2814
2.85852
2.46203
3.29623
2.98804
2.68685
3.1744
2.82858
2.62305
3.01203
2.99117
2.75032
2.9388
2.95716
3.10683
3.07334
2.71384
2.74448
3.04149
2.87311
2.64187
2.77075
3.4396
2.74181
2.54691
2.81411
2.9817
2.41127
2.46388
2.98464
2.85553
2.97627
2.62247
3.05158
3.20557
2.75266
2.79378
3.33484
2.52732
3.03047
2.66948
2.93327
2.81632
2.72058
2.3447
2.53536
2.48702
3.22278
2.5406
3.19309
2.82569
3.24154
3.22036
2.9838
2.81941
3.0581
2.731
2.99558
2.47401
2.66805
2.78577
2.52772
2.51519
2.64582
3.09396
2.78798
2.51912
2.58043
2.6669
2.40926
2.83539
2.66764
2.99546
2.90966
2.63891
2.62685
2.83957
2.83051
2.94507
2.86232
2.66742
2.67006
2.83451
2.65169
2.7834
2.56425
2.74128
2.67101
2.6939
2.74529
3.03385
2.69019
2.94802
2.60534
2.41842
2.1066
3.02658
2.85253
2.51724
2.3988
2.86573
2.7852
2.43083
2.54297
2.50438
2.70702
2.60677
2.6063
2.38777
2.62296
2.60768
2.72254
2.88285
2.56419
2.6756
2.65487
2.89306
2.95851
2.8372
2.47188
2.51136
2.90552
2.58082
2.77944
2.60408
3.07476
2.81935
3.06479
2.35105
2.87596
2.58637
2.71694
2.36663
2.73265
2.66099
3.22696
3.01002
2.94752
2.96732
3.21569
3.03367
2.85228
2.7162
3.43
3.13323
3.26393
2.80342
3.12779
2.74584
3.00957
2.83398
2.88429
2.66477
3.04326
3.00429
3.11234
2.73133
2.73436
3.06303
2.68089
2.93111
2.59594
3.02623
2.71948
3.22724
2.79843
2.56676
2.70264
2.7882
2.78637
3.02403
2.63636
2.85226
2.86782
2.83131
2.85495
2.69385
3.16606
2.27266
2.82702
2.87611
2.96218
2.68713
3.09563
2.63102
2.80432
2.82061
2.94637
2.78834
2.63117
2.91078
3.24349
2.82713
2.60134
3.07646
2.79834
2.58078
2.86723
2.86991
2.7434
2.8522
2.81657
3.06351
2.81599
2.91568
2.92551
2.98654
3.26421
2.9876
2.75671
2.56268
3.06204
3.06093
3.1076
3.04877
3.27354
3.17952
3.27662
2.87861
2.70103
2.6609
3.10941
2.59436
2.91693
2.82052
2.91842
2.97795
2.67965
3.24488
2.57264
2.61392
3.29075
2.86879
2.76153
2.61682
3.1258
2.86146
2.95675
2.78311
2.72185
2.55148
2.90586
3.15604
2.97253
3.24722
3.23918
2.9882
3.01331
2.44567
3.02982
3.14104
2.64514
2.76781
3.25089
2.91976
3.04087
2.5315
2.9369
2.71835
2.95675
2.88813
3.16965
2.71488
2.60987
3.21447
2.85294
3.11452
2.9748
3.02308
2.91055
3.18554
3.14074
2.76521
2.74867
3.15147
2.68217
2.81774
2.55779
3.03612
3.19174
3.0962
2.78978
2.87885
2.85859
2.96365
2.81916
2.69779
2.94847
2.64088
2.6992
2.83548
2.44646
2.85189
3.05389
3.04786
2.88139
3.02593
2.86724
3.00916
2.97491
2.46233
2.67016
2.49526
2.67717
2.87105
2.80804
2.56833
2.5106
2.50486
2.60611
2.73028
2.72838
2.81778
2.81469
2.77906
3.06003
2.39215
2.99253
3.00499
2.51536
2.75966
2.48301
3.0009
2.85042
2.89295
2.74754
2.65378
2.46779
2.7072
2.83878
2.74049
2.65621
2.7789
2.61686
3.0187
2.91738
2.77534
2.45852
2.69685
2.46273
2.79021
2.95944
2.8825
2.62
2.8494
2.96515
2.60519
2.18807
2.89447
3.04468
3.01204
2.73795
2.58773
2.76863
2.31286
2.70111
2.82359
2.53709
2.73583
2.55758
2.66352
2.80572
2.52528
3.28131
2.8509
2.62804
2.9119
2.79529
2.59526
2.87838
2.66008
2.81205
3.01289
2.83407
3.0744
2.96676
2.74301
2.78961
2.59399
3.35712
2.55388
2.78179
2.51428
3.10116
2.8668
3.04989
2.96058
2.51839
2.72163
2.87876
2.78005
2.90968
2.96756
2.67204
2.90018
2.75348
3.01805
2.59256
2.70631
2.77875
3.00173
2.60149
2.67193
2.74482
2.64118
2.89558
2.81605
2.70544
2.96287
2.9066
2.60593
2.84869
3.15423
2.7881
2.82758
2.77502
2.90556
3.24018
2.78364
2.88343
2.62773
2.56413
3.26172
3.20711
3.04979
2.55448
3.09132
2.86987
2.76803
3.00874
3.20475
2.6011
2.42012
2.27567
3.07167
2.98654
2.69714
2.82582
3.07344
3.11537
3.08953
3.21314
2.81157
3.01043
3.00951
3.13661
2.88918
2.50561
3.0989
2.94997
2.64669
3.38064
3.247
3.13439
2.8872
2.73337
3.14532
3.07476
2.99842
3.21356
2.95266
3.13034
3.19691
3.08153
3.18169
3.18242
2.7718
3.33342
3.0201
2.7188
2.7333
2.89286
2.84017
2.68967
3.07639
3.49618
2.91449
2.86294
2.70002
2.91575
3.07138
3.29959
3.36429
2.97991
2.60429
2.77498
2.89232
2.67842
2.94235
2.9818
3.34692
2.88433
2.98253
2.88429
2.84384
2.68761
3.09107
3.31792
3.0307
2.61342
3.25395
2.90007
3.37485
2.61215
3.00388
2.89465
3.23293
2.52806
3.02918
2.79461
2.88553
2.94854
2.65473
2.93707
2.60984
2.74904
3.08138
3.36521
3.24655
3.14366
3.41492
3.05988
3.08219
3.06999
3.32899
2.84823
2.6894
2.50296
2.8148
2.64007
3.21631
3.1751
2.81321
3.03124
3.27174
2.84757
2.99899
3.00589
2.46999
3.11729
2.88339
2.88635
2.70986
3.05044
3.04008
2.83379
2.92503
2.74646
3.40912
2.77059
3.26264
2.95724
3.13195
3.2528
3.39687
3.04937
2.98297
2.97573
2.53397
3.10709
2.62482
3.11115
2.96328
3.08829
2.83037
2.88949
2.83965
3.046
3.0317
3.42987
3.18262
3.17691
2.87997
2.99654
3.18442
2.91179
2.66156
2.62319
2.65442
2.80352
2.78665
3.05562
3.02727
2.74337
2.57574
2.85141
3.34552
2.98531
2.95824
2.812
2.97579
2.33318
3.0922
2.66746
3.05355
3.07415
2.75655
2.8188
2.61388
2.44328
2.98349
2.93456
3.0152
2.66531
2.70591
2.93967
2.65906
2.89282
2.94249
2.91237
2.74904
2.2519
2.8119
2.62774
2.98859
3.05911
2.80375
2.64003
2.23022
2.59815
2.77622
2.64255
2.90107
2.53506
3.05911
2.67698
2.82412
2.34068
3.0383
2.76096
2.67594
2.81495
3.41219
2.86543
2.93629
2.56659
2.79004
2.64181
2.95636
3.25461
2.82268
2.98359
2.80037
2.97142
2.84896
2.76208
3.0397
2.45798
2.57192
2.47491
3.01023
2.69509
2.65507
2.7032
3.19452
3.22181
3.32146
3.20283
3.14969
2.71355
2.89298
2.78903
2.82582
2.73465
3.25906
3.12618
3.08184
3.04301
2.68356
2.8377
2.98954
2.93159
2.89776
2.90334
2.93282
2.63611
2.97375
2.58898
2.96009
3.05877
3.16403
3.2951
2.78524
3.03995
3.27306
2.75221
2.78079
2.93844
2.97234
3.11792
3.09222
3.14947
3.31559
3.28538
2.70762
2.69223
3.38181
2.44328
3.18873
2.99958
2.91867
3.22786
2.57973
3.03256
3.06366
2.83351
2.77111
2.79004
3.04597
3.19908
3.29274
2.67152
3.14209
2.61075
2.81103
3.16503
3.09208
2.91803
3.02723
2.69981
2.95887
3.02474
2.90845
2.7674
2.91767
3.0138
2.97073
3.01888
2.64398
2.8221
2.66366
2.99141
3.13437
2.50754
2.92661
2.72462
2.58079
2.4838
2.53451
2.649
3.08209
3.08806
2.68246
2.82466
2.90056
2.69657
2.46472
2.67588
3.11223
2.84827
3.11301
2.95243
2.94585
2.96204
2.84648
2.47608
2.96356
2.60875
2.35549
2.92712
2.87619
3.03807
2.77274
2.85685
2.62289
2.91191
2.36214
2.66736
2.93697
2.8101
2.73022
2.64912
2.78666
2.86287
2.93212
2.98984
2.68097
2.76626
2.86126
3.01163
2.89654
2.58985
3.22604
3.28059
3.02432
2.75456
2.92208
2.61938
2.50871
3.27873
2.74003
3.15815
2.7826
2.97664
2.8305
3.14661
2.7592
3.08617
2.91563
2.79848
2.97425
3.15377
3.0164
2.98914
2.86833
2.69641
2.9039
3.04021
3.24064
2.80946
2.66081
2.79625
2.46516
3.08355
2.66106
2.97006
2.74656
3.01671
2.90527
2.83005
2.13961
2.96333
3.01352
2.5812
2.57185
2.92871
2.55181
2.62698
2.71868
3.1707
2.37089
2.52597
2.93182
2.67096
2.73351
2.90337
2.3612
2.87485
2.83253
2.97468
3.06168
2.73498
2.71211
3.003
2.92671
2.77784
3.15194
2.75269
2.59912
2.85479
2.95881
2.99531
2.92124
2.9169
2.74935
2.48036
2.6307
2.90005
2.92115
2.86338
3.26073
2.92399
2.86614
2.78011
3.20896
3.29821
3.06637
2.99393
3.06222
2.77618
3.09776
2.34537
2.71724
3.16864
2.91344
2.87356
2.97358
2.98038
2.82357
3.10558
2.84713
3.21454
2.86117
2.80614
3.11074
2.51434
2.89499
2.57507
2.9397
2.77202
2.85065
2.98829
3.1274
2.88164
2.99364
2.88954
3.04745
2.96337
3.09973
2.93413
2.9946
3.08468
2.85763
2.88313
2.97426
3.11562
3.06805
3.13673
2.7995
2.80689
2.57888
2.96231
2.7036
3.32904
2.88251
2.77244
2.90949
2.75832
2.76357
3.26273
2.9264
2.78711
2.93409
2.9854
2.84748
2.60276
2.42551
3.294
2.95229
3.37244
3.21738
3.45151
3.10445
3.04302
2.81193
3.14548
2.93462
2.77508
2.42598
2.97189
2.96545
2.64991
3.02758
2.63792
2.91962
3.044
3.08572
2.94583
3.20512
2.54805
3.36843
3.29284
2.38644
2.78366
3.12119
3.36052
3.22957
2.56424
3.13383
2.98598
2.76928
3.36116
2.86275
3.16614
2.90003
3.58942
2.4642
3.14222
2.92283
2.96264
3.31696
2.66811
3.00376
3.24711
3.00462
3.09043
2.98104
2.82147
3.14185
3.07748
3.46911
2.67838
2.94429
3.17026
2.98748
3.14131
3.31337
2.90425
2.80368
2.88017
3.00385
3.30223
3.0783
3.22256
2.3924
3.04968
3.14773
2.76084
2.89101
3.19755
2.91844
2.94417
2.77211
2.88246
2.87316
2.49397
3.01863
2.7662
2.45302
3.22084
2.67584
2.92774
2.86593
3.01713
2.82025
2.93871
3.07284
2.96546
2.42511
2.72517
2.74695
2.76485
2.67462
2.83355
2.71201
2.97958
2.4749
2.69297
2.44747
3.01123
2.77645
2.84062
3.01348
2.74662
2.67806
2.719
2.7137
2.56256
2.74013
2.70619
3.18664
2.77844
2.5793
2.83292
3.00615
2.71737
2.77653
2.68643
2.71019
2.89264
2.82465
2.76738
2.92467
2.88501
2.88526
2.57999
2.77977
2.74267
3.23341
3.33154
2.92716
3.03836
2.87777
2.79621
3.10298
3.11249
2.92585
2.78398
3.00625
3.02347
2.89919
3.12965
2.98343
2.78225
2.94703
2.31023
3.20046
2.67973
3.10436
3.25985
3.10836
2.87588
2.89943
2.91049
2.974
2.73271
2.55314
2.94546
2.83289
3.28793
3.09266
3.00007
2.80829
3.1248
3.04305
3.0729
2.78376
3.16262
3.08647
3.56124
3.30852
3.22484
3.37423
2.99542
2.94445
3.08641
3.0373
3.30814
3.30537
2.81238
2.96776
2.62757
2.95659
2.75221
2.35596
3.63098
2.95227
2.92249
3.17594
2.83704
2.9462
3.08376
2.66227
2.57459
2.6674
2.83382
2.97206
3.03362
3.14472
2.94864
2.88977
3.14359
2.99041
2.8919
2.82196
2.49324
2.9951
2.66024
3.06275
2.72429
2.93505
2.6835
2.92508
3.11944
2.96702
2.52496
3.02861
2.59918
2.74004
3.14027
2.9767
2.53892
2.99568
2.68201
3.08403
2.90325
2.7311
2.4028
2.93281
2.47788
2.89851
2.90827
2.75241
2.78137
2.34408
3.31197
2.71876
2.90877
2.84083
2.70962
2.91702
3.02362
2.8336
2.79558
2.90546
2.93492
3.05157
3.1058
2.95954
3.07207
2.82598
2.76203
2.79425
2.47915
2.50073
3.00701
2.66763
2.75482
2.90078
2.70074
2.92535
2.72117
2.7094
2.80839
3.1249
3.01815
3.1385
3.10646
2.96987
3.08457
2.8409
2.8348
3.36159
2.83408
2.8577
2.87941
2.83777
2.73646
2.84497
2.90747
2.68211
2.91818
3.17656
2.79823
3.04172
2.89162
2.98746
2.80766
2.86989
3.0462
2.97552
2.15667
2.97713
2.80749
2.73562
2.70274
2.93529
3.11215
3.0369
3.25714
2.96585
3.06846
2.81191
3.04525
3.11475
3.221
2.63658
3.10858
3.27202
3.2043
2.95098
3.2192
3.21044
2.57245
2.52735
2.9721
3.07039
3.00585
2.73911
2.72818
3.25981
2.90086
3.11479
2.85552
2.92056
3.07926
3.08696
3.01633
2.62926
2.97483
2.78222
3.1235
2.8826
2.93536
3.21767
3.37113
2.96201
3.1658
2.79417
3.18804
3.04425
2.59482
2.81047
2.68644
2.45919
3.08236
2.52509
3.18804
2.72968
3.27844
2.65117
2.91454
2.27175
2.73365
3.07537
2.7443
3.3021
2.97917
3.44338
3.12157
3.36036
3.25886
2.48327
3.17158
3.28554
2.9911
2.90182
3.01972
3.26166
2.86614
2.91147
3.11908
2.67691
2.71168
2.75435
3.17129
2.91607
2.98695
2.88194
2.78095
2.68397
2.62451
3.12884
2.65543
2.76757
3.07303
2.65863
3.10299
2.86625
2.49294
2.69668
2.84462
2.7593
2.61224
2.506
2.73355
3.07259
2.96158
2.75725
2.92212
2.84737
2.6101
2.61103
3.14584
2.79797
2.75788
2.58362
2.82399
2.7549
2.51355
2.72854
2.98071
2.53145
2.69775
2.67243
2.664
2.34788
2.86586
2.91031
2.21742
2.96715
2.7186
2.43123
3.19201
2.49662
2.50148
2.83084
2.38551
2.9931
2.59597
2.8744
2.45638
2.69494
2.8516
2.55357
2.56843
2.72994
2.44226
3.46171
3.10386
2.88376
2.78986
2.67652
3.07498
3.10415
2.9792
3.13078
2.92903
2.78472
3.19626
2.92393
2.28128
2.91238
2.83758
3.0748
2.8349
2.54155
2.52036
2.93196
2.99472
3.05992
2.64477
2.79443
2.67749
2.76056
2.99109
3.02846
3.00972
3.11388
2.83707
2.80922
2.87524
2.81795
2.69468
2.95158
2.97871
3.04172
3.25497
2.80084
2.79573
3.03186
2.91812
3.1598
3.34784
3.06857
3.04489
3.13124
3.22258
2.56866
2.71471
3.40716
2.71626
3.12601
3.08121
2.60883
3.04295
2.88437
2.94667
2.9349
2.98121
2.79217
2.82874
2.62738
2.98863
3.16818
2.60506
2.70229
2.85951
2.86322
3.18665
3.12964
3.04381
3.19792
3.0591
3.17025
3.11059
3.24792
2.96734
3.12948
2.76031
2.99215
2.76954
3.06912
3.09796
2.91467
2.78297
3.09896
2.98102
2.95745
2.36634
2.6804
3.05325
2.85914
2.69897
2.83865
3.11191
3.14429
3.47433
3.05381
2.68541
3.41998
3.03979
2.92161
2.88956
2.46792
2.93498
3.11491
3.13027
3.25942
2.97766
2.81379
2.3305
3.23854
2.96089
3.16626
2.79332
2.67373
2.80546
2.73307
3.08519
2.59838
2.86672
3.2276
2.67715
2.71332
3.20662
2.99174
3.20051
2.98412
2.94234
3.10262
2.69621
2.5858
3.24011
3.04427
2.58496
2.87782
3.17454
2.53601
3.04122
2.85651
3.04731
2.96934
2.63074
2.84333
3.08959
2.65414
2.72004
3.10926
2.72469
2.76697
3.1221
2.93464
2.93832
2.94814
3.00414
2.81743
3.14095
2.98112
2.64526
2.99421
2.3979
2.82214
3.18293
2.90067
2.95122
3.2887
3.0302
2.52064
2.70291
2.50631
3.11313
2.72435
3.03296
3.02007
2.8491
3.02319
3.35191
2.93613
2.65734
2.80427
2.81976
2.99285
3.19087
3.10577
2.956
3.01269
3.14104
2.60254
3.08596
2.80903
2.81711
2.7224
2.68679
2.85995
3.03581
3.10317
2.88939
2.93796
3.00374
3.10932
2.58514
2.53314
2.81759
2.80988
2.75878
2.46764
2.66328
3.16593
2.96558
2.94022
2.74381
2.56278
3.40177
3.2484
3.13518
3.18819
2.85677
3.14028
3.03615
2.63647
2.87742
2.67537
2.77449
2.79417
2.74199
2.67918
3.12252
2.45653
2.70703
2.54812
2.73407
2.62433
2.52062
2.42358
2.99146
2.48284
2.90327
2.9026
2.70131
2.82805
2.59722
2.91575
2.62166
2.41884
2.62937
2.73614
2.39552
2.7375
2.26119
2.61424
2.83794
2.62217
2.55193
3.00254
2.62567
2.95743
2.71293
2.70083
2.61422
2.62739
2.68453
2.7072
2.74456
2.71215
2.77103
2.3509
2.63571
2.74093
2.81067
3.04092
2.68717
2.79804
2.96066
2.78561
2.54924
2.8028
2.40905
2.90224
2.91844
2.71807
2.7243
2.88742
2.33408
2.62799
2.46322
2.42941
2.65359
2.46119
2.91416
2.72665
2.50225
2.88004
2.5849
2.56934
2.44398
2.68148
2.74216
2.77505
2.95756
2.29039
2.65139
2.75716
2.70776
2.49127
2.5335
2.75036
2.63233
2.84028
2.73431
2.78566
2.50237
2.83686
2.79315
2.8129
2.65982
3.00716
2.60861
2.53058
2.67572
2.81758
2.5119
2.91912
2.48531
2.81249
2.48149
2.46259
2.68416
2.4197
2.96188
2.93232
2.67598
2.5216
2.33941
2.72065
2.81531
2.92943
2.83355
2.75794
2.77004
2.81422
2.69752
2.85651
2.61256
2.83526
2.82597
3.12486
2.7505
2.7209
3.09789
3.00997
2.74296
3.03
2.71881
2.51994
2.56351
2.59266
3.18958
2.69018
2.90471
3.02143
3.30268
2.69903
3.19159
2.36734
2.73392
3.15636
2.75891
2.51021
3.18832
2.22029
3.15415
2.88144
2.99484
2.50512
2.90131
2.92077
3.16602
2.92356
2.39004
3.06153
3.07507
2.83071
2.85705
2.67407
2.71253
2.77502
2.90053
2.98728
3.05453
2.94542
2.78715
2.5138
2.84801
2.92114
2.5796
3.03141
2.84377
2.76653
3.01041
2.91664
2.91055
2.75336
2.86753
2.4515
3.05405
2.52266
2.88772
2.72763
2.92679
2.75506
2.92311
2.43075
2.73793
2.94927
2.74901
2.52778
2.35064
2.61604
2.52001
2.88761
2.94209
2.73765
2.8807
3.07609
2.34597
2.63313
3.20323
2.53659
3.01757
2.67105
2.55961
2.67371
2.95406
2.50388
2.90533
2.84466
2.74536
2.83227
2.72055
3.00787
3.07452
2.71316
2.85412
2.51916
3.12838
2.98489
2.94193
2.90516
2.61208
2.77234
2.94554
2.57499
2.87475
3.005
3.2141
3.06234
2.57097
3.07934
2.7389
2.62892
3.03456
3.03713
2.88436
2.80792
2.84907
2.78786
2.79802
2.70363
3.26789
2.8945
2.76974
2.98859
2.94664
2.87241
2.98384
2.51901
2.79648
3.09316
2.76461
2.89185
2.65752
2.56766
2.9706
2.56488
2.99062
3.09924
2.9274
3.18756
2.78125
2.84414
2.84828
2.64758
2.96663
2.90813
3.05357
2.98335
3.17857
2.99619
2.68549
3.10796
2.82677
2.96973
2.75033
2.98499
3.29952
2.81336
2.3622
2.89175
2.51041
2.9717
2.76958
2.81598
2.87175
3.28771
2.82432
2.90628
2.81237
2.97292
2.99009
2.92357
3.13186
2.84274
2.44433
3.00317
3.15488
2.98059
2.62132
2.73444
3.11182
3.10012
2.51957
2.93524
2.70034
2.7467
3.12415
3.0297
3.23281
2.93148
2.68532
2.84343
2.57577
3.15652
2.98211
2.48651
2.8041
2.69494
2.77993
2.80878
2.75073
2.88516
2.85483
2.65351
2.56235
2.71569
2.94615
2.5701
2.694
2.73217
2.65261
2.69386
2.24151
2.57736
2.79634
2.70131
2.85961
2.3916
2.61364
2.60529
2.60911
2.71352
2.57813
3.14513
2.95024
2.89272
2.32736
2.65128
3.06669
2.52705
2.94383
2.51848
2.386
2.62578
2.53128
2.82273
2.87738
2.63415
2.28935
2.69499
2.88907
2.96196
2.903
2.8818
2.71881
2.90075
2.94969
2.80963
2.42955
2.84841
2.94658
2.78603
2.96748
2.92204
2.7673
2.3674
2.97551
2.39291
2.45905
3.11867
3.13221
2.73588
2.81584
2.50406
2.91926
2.68733
2.89702
2.82476
2.65197
2.44454
2.9099
2.79117
2.59248
2.58439
2.62938
2.75479
3.33814
2.62893
2.55387
2.55584
2.66896
3.25236
2.86051
2.64119
2.86113
2.81272
3.02949
2.67897
2.79803
2.55196
2.74948
3.08421
2.69987
2.85035
3.03589
3.18993
3.07619
2.61614
2.62457
3.04332
2.38272
2.67963
2.90372
3.0958
2.73223
2.91085
2.50633
2.97724
2.81207
2.31989
2.69191
2.85377
2.35236
2.7289
2.91504
2.52774
2.91597
2.67023
3.1321
3.06777
2.75702
2.69868
2.45883
3.04947
2.83465
2.63549
2.63924
2.76159
2.5638
3.03425
2.87366
2.68937
3.03131
2.48471
2.7915
2.35587
2.97873
2.84796
3.06072
2.632
2.86126
2.78577
2.50538
2.98076
2.81747
2.4235
2.70004
2.78562
2.08709
2.60371
2.90777
3.06954
2.96528
2.74319
2.80269
2.76492
2.62518
2.97342
2.59639
2.92597
2.77302
3.08237
2.98255
3.23983
2.51263
2.75383
2.61477
2.44948
2.751
2.83037
2.88184
2.96006
2.75375
2.5216
3.05413
2.59239
2.5532
2.93758
2.72721
2.81052
2.92252
2.62813
2.72588
2.97453
2.84998
2.86512
2.44154
3.15802
2.49991
2.83239
3.04121
2.89547
2.89066
2.77504
2.85691
2.63704
2.83555
2.71058
2.87663
2.90785
2.47887
2.54883
2.90415
2.80995
2.86638
2.58216
2.75427
2.66539
3.00477
2.7552
3.14107
2.79154
2.79671
2.8916
3.1595
2.72322
2.90548
2.9136
2.91393
2.83291
2.69572
2.9453
3.02683
2.85938
3.06566
2.86515
2.81901
3.02893
3.05926
3.00603
3.0832
2.89288
2.85114
3.12119
2.40451
2.95128
2.94414
2.71532
2.90503
2.52188
2.99795
2.60848
3.14916
3.12114
2.90255
2.70278
2.77713
2.82032
2.6797
2.64807
2.92346
3.10113
3.36756
3.1188
2.82441
2.88976
2.64463
2.7913
3.1249
2.76957
3.28991
2.81737
2.9052
3.10474
2.68761
2.78449
2.98196
2.7486
2.92539
3.02409
2.96024
2.63414
2.81646
3.06688
3.21462
2.39293
2.59438
2.8265
2.98054
2.92832
2.60088
3.12547
2.84873
2.46077
2.99574
2.87639
2.68643
2.85741
3.28741
2.93711
2.97238
2.81283
2.587
2.86094
2.67695
3.10055
2.99098
2.36045
2.78542
2.75682
2.46694
2.92911
2.90977
2.7277
2.69123
3.00944
2.65617
2.68
2.80511
2.95502
2.70219
2.75255
2.50049
2.63024
2.97934
2.34596
2.64621
3.1361
3.15418
2.84558
3.02039
2.82172
2.83567
2.69192
2.87464
2.75976
3.06948
2.85288
2.86935
2.87384
2.43565
3.01165
2.82185
3.34294
2.64101
2.72362
2.8047
3.1764
2.68188
3.05467
2.90302
2.68524
3.22882
3.42748
2.53307
2.8978
3.18336
2.54239
2.85766
2.91187
3.07947
3.01423
3.15227
3.26854
2.99473
2.78063
2.83422
3.35998
2.73463
2.68824
2.64933
2.78772
2.81474
2.68249
2.68623
2.8374
2.68691
2.82508
2.62626
2.87339
3.04014
2.58748
2.63059
2.59239
3.06467
2.77615
2.66834
3.0712
3.5084
2.68193
3.02675
3.01096
2.73894
3.03143
2.88098
3.0849
3.19861
3.03504
2.83809
2.94715
2.64203
3.19667
3.02187
2.7055
2.79324
2.7814
2.62053
2.7146
3.10673
2.22975
2.9145
2.91189
3.03801
2.74815
3.13547
2.85224
2.40524
3.08096
2.85812
2.78523
2.27833
3.13499
2.38898
2.75695
2.8408
2.58046
2.87927
2.98979
3.25888
3.01158
2.6078
2.79954
2.91391
2.92702
2.66602
3.06356
2.7599
2.81602
2.8723
2.5542
2.81123
2.86635
3.06497
2.79922
2.78136
2.59368
2.57455
2.84274
2.6653
2.66462
2.67542
2.52647
2.52047
2.84373
2.6234
2.72488
2.66233
2.84346
2.4372
2.5382
2.94829
2.55363
2.61901
2.8346
2.55031
2.66479
2.79906
3.0451
3.11709
2.40599
2.78882
2.82126
2.79598
2.73486
3.12654
2.57921
2.79435
2.82714
2.92888
2.83851
2.59538
2.83825
2.49845
2.47179
2.60195
2.38961
2.3873
2.66215
2.70942
2.84205
2.55223
2.82276
2.43737
2.69025
2.95372
2.59435
2.96489
3.19882
2.88945
2.75144
2.93574
3.05134
2.9143
2.93667
3.07381
3.35561
3.01561
2.871
3.2153
2.53636
3.08459
3.2423
2.84809
3.19486
3.13866
2.84682
3.19325
2.51936
2.94581
3.15983
2.78078
2.806
3.11912
2.81728
2.99261
2.9077
2.71781
2.97518
3.42977
2.68866
2.90406
2.8118
2.65818
2.69482
2.60699
2.7672
2.79928
2.61994
2.87565
2.70705
2.39411
2.95618
2.89713
3.11284
2.79084
3.111
2.42309
2.86104
3.01363
2.72479
2.73722
2.61034
2.85241
2.73734
2.91905
2.85058
2.94394
2.83431
2.8208
3.22808
2.31761
2.93459
2.89995
2.70737
2.94451
2.57361
2.52849
2.50874
2.73781
2.50161
2.71516
2.83997
2.92053
2.47729
3.06233
2.85758
2.93984
3.00931
2.78087
3.02082
2.77132
2.96033
2.91756
2.65818
2.55635
3.03776
2.77261
2.8916
2.54757
3.16984
2.92881
3.01592
2.43653
3.06782
2.75705
2.86105
2.42642
2.75996
3.08057
2.53072
2.33658
2.50841
2.79853
2.47342
2.57505
2.68015
2.78593
2.57595
2.75172
2.61015
2.45268
2.7316
2.61047
2.89139
2.34687
2.76486
2.72203
2.42027
2.63564
2.82922
2.81794
2.87967
2.33529
2.43362
2.97525
2.46382
2.59967
2.80862
2.58358
2.83798
2.75242
2.48925
2.68054
2.87876
2.80044
3.10608
3.11588
3.04017
3.00773
3.32656
2.91
3.11819
2.84586
2.96292
2.96426
3.15158
2.89374
2.96209
2.98296
3.31307
2.74646
2.92109
2.89106
3.31378
3.41294
3.34452
3.26459
2.97396
3.12154
2.83247
2.67631
3.30079
2.82237
2.84419
2.68523
3.14929
2.99863
3.10645
2.7439
2.5153
2.99692
2.49167
2.91021
2.42306
2.51865
2.59762
2.65814
2.88587
2.46942
2.45422
2.86284
2.84551
2.67881
2.96546
2.57212
2.56222
2.78023
2.77003
2.68384
2.51614
2.44977
3.38784
2.76383
2.80328
2.82169
2.94185
2.99186
2.70841
2.93137
2.65614
2.67688
3.18635
2.518
2.42602
2.59229
3.04895
2.26204
2.91696
2.80621
2.55708
2.8398
3.01738
2.80854
3.08543
2.64817
3.06027
2.81221
2.81727
2.98856
2.95876
2.79175
2.90278
2.96089
3.07851
2.75021
3.11709
2.90124
2.90936
2.7299
2.87097
2.69773
3.03241
2.79282
2.76198
2.59758
2.73729
2.48457
3.05317
2.29578
2.58224
3.04135
2.24148
2.89116
3.20853
2.93497
2.95911
2.94841
2.67127
2.23629
2.82772
2.50683
2.80642
2.68439
2.655
2.92808
2.98613
2.91509
2.03632
2.6577
2.61924
2.78158
2.61213
2.84952
2.76097
2.76687
2.99509
3.05465
2.8212
2.77482
2.92516
2.87533
2.71506
2.92165
2.99342
2.73363
3.16055
3.36327
2.6586
2.94678
2.96683
2.83299
2.97405
3.09233
2.6619
2.75528
2.79084
3.00875
2.79819
2.86369
2.60077
3.10012
2.49017
3.04723
3.21354
2.67032
2.99937
2.59733
2.59268
2.78912
2.53604
2.86716
2.87334
2.91521
2.9801
2.4977
3.09714
2.61347
2.68192
2.53192
2.81707
2.0166
2.66407
2.52425
2.81876
2.82864
2.43954
2.85736
2.72041
2.80916
2.71243
2.66171
2.93447
2.67283
2.65799
2.60599
2.53049
2.91721
2.63896
2.78537
2.87236
3.08552
3.05258
2.75386
2.82883
2.39669
3.03437
2.94044
2.52786
2.65266
2.59199
2.76526
2.84183
3.02256
2.99171
2.66995
3.07052
3.00752
2.75744
2.61091
2.98797
2.84919
3.0079
2.35288
3.01267
2.90537
2.52126
2.80704
2.93516
2.66922
2.91593
2.93421
2.7166
2.59112
3.2899
2.39164
2.82125
2.85122
2.91759
2.96116
2.74057
2.95668
2.77081
2.80156
2.91051
2.74267
2.95811
2.44669
3.10727
2.89081
2.82899
2.46753
3.07368
2.84362
2.91534
3.13576
2.92267
3.4735
2.87292
2.85211
2.85046
3.02067
2.90173
2.87917
3.02634
3.09372
2.771
3.14827
3.15027
3.07516
2.91886
2.93758
2.71039
2.74273
2.89837
2.42906
2.7763
2.31335
2.57934
2.71889
2.89809
2.99653
2.6867
2.68821
2.38427
2.88198
2.62765
2.8358
2.85277
2.16233
2.65581
3.00036
2.54665
2.57176
2.67607
2.34449
2.36216
2.57497
2.6011
3.02527
2.80655
2.45395
2.69756
2.82199
3.16252
3.15616
2.93022
2.84394
2.20423
3.10408
2.86705
3.08463
2.44647
2.44746
2.90143
2.97972
2.60698
2.84898
2.9722
2.58257
2.97923
2.96907
2.90729
2.81051
2.65449
2.84285
2.97817
2.86342
2.53989
2.98554
2.84231
2.86102
3.08415
2.87354
3.09819
2.72663
2.77491
2.45078
2.68515
2.68557
3.07024
2.48681
2.84312
2.77918
2.63229
2.50477
2.98304
2.73378
3.14238
2.73338
2.69764
2.88787
2.49603
2.68078
3.09215
2.52174
3.1359
2.53066
2.69692
2.85421
3.04072
2.96445
2.2928
2.58195
2.62273
2.77321
2.60768
2.84329
2.94241
2.83362
2.89988
3.02779
2.64307
2.52414
2.61053
3.08962
2.46239
2.81768
2.79071
2.49546
3.1985
2.90887
2.89036
2.69841
2.98679
2.97912
2.43772
2.84955
2.64283
2.80387
3.22874
3.16068
3.18228
2.88344
2.69709
2.9803
3.24281
3.21121
2.79595
2.91763
3.03003
3.06242
3.14591
2.85172
3.23491
2.97322
2.95079
2.88114
2.97753
2.88822
2.94814
3.06375
2.79026
2.91725
2.78825
2.80879
3.15114
2.884
2.72719
3.00657
2.88822
3.241
2.66611
2.83633
3.03255
2.85381
2.72698
2.83149
3.12152
2.97346
3.00381
2.68894
2.95652
2.90111
2.54416
2.71451
2.79354
3.1286
2.81238
2.95413
2.83157
2.36182
2.88314
2.73891
2.7851
2.73077
2.61076
2.44589
2.85908
3.04537
2.91872
3.1286
2.65793
2.70953
3.02621
2.8823
2.51693
2.87957
2.88323
2.44598
2.80146
2.67308
2.65458
2.73814
2.85182
2.80026
2.32419
2.97649
2.36969
2.53839
2.96691
2.26226
2.88371
2.37116
2.86576
2.97892
2.89543
2.45504
2.92647
2.35079
3.063
2.93981
2.78062
2.5612
2.66548
2.71287
2.8074
2.79813
2.49845
2.58732
2.44658
2.46233
2.89851
2.6534
2.62674
3.39901
2.90404
2.67675
2.89496
3.33941
3.10792
3.31826
2.41037
3.11919
3.17183
3.12526
2.65478
3.15546
2.6862
2.75206
2.73982
2.49278
3.07042
2.74473
2.93202
2.50132
3.03066
2.84195
2.80633
2.63638
2.75583
3.14752
2.98745
2.53089
2.91161
2.85622
2.78315
2.96694
3.1692
3.17611
2.77583
2.70265
2.85914
2.81837
2.65801
2.76269
2.51318
2.98571
2.85721
2.96778
2.69861
2.64968
3.05057
2.83
2.38958
2.88348
2.76216
2.81072
2.66302
3.11045
2.7812
2.61978
2.61445
2.75235
3.0045
2.78676
2.90343
3.44993
2.82183
2.65492
2.60144
2.84148
2.66129
3.09996
2.89877
3.17942
2.73254
2.88908
2.81397
2.93574
2.81065
2.50484
3.29845
2.47259
2.60328
3.03951
2.73379
2.8755
2.94699
2.92184
2.8791
2.89634
2.48062
3.02067
2.75325
2.55966
2.89964
2.87449
2.81056
2.6378
2.35406
2.8993
2.66407
2.75974
3.13998
2.45531
2.71276
2.80535
2.98929
2.9333
