1.37029
1.38187
1.25042
1.42316
1.44361
1.22375
1.38453
1.31562
0.90768
1.26388
1.08872
1.51696
1.22849
1.64226
1.6786
1.33706
1.32267
1.29315
1.48461
0.807551
1.65443
1.34226
1.42182
1.09947
1.58135
1.68383
1.42683
1.27371
1.39987
1.55455
1.82638
1.39118
1.5568
1.47306
1.13682
1.16465
1.29211
1.63445
1.80652
1.41205
1.75874
1.30423
1.47236
1.15177
1.44216
1.52155
1.41002
1.62923
0.841003
0.924845
1.49149
1.72406
1.45195
1.37047
1.72076
1.44914
1.18648
1.33734
1.35681
1.28401
1.09231
1.06766
1.202
1.35351
1.63085
1.73121
1.26172
1.11291
1.67787
1.03719
1.15595
1.28487
1.35627
1.15054
1.19943
1.36508
1.65466
1.49746
1.64514
1.33155
1.42567
1.29902
1.5995
1.53705
1.80027
1.22453
1.17701
1.29093
1.78849
1.51538
1.64693
0.786399
1.25273
1.19171
1.47247
1.39105
1.44077
1.39245
1.24996
1.75914
1.04442
1.17141
1.5427
1.25734
1.31934
1.21252
1.5992
1.06611
1.09487
1.23794
1.32725
1.18285
0.938865
1.50168
1.48656
1.26782
1.34043
1.2229
1.09887
1.35177
1.6877
0.703904
1.42842
1.51194
1.45261
0.905177
1.36589
1.39511
1.49582
1.23221
1.75646
1.20237
1.49344
1.00228
0.719897
1.35748
1.70047
1.56756
1.04962
1.56354
1.58902
1.34194
1.35357
1.68816
1.16059
1.49799
1.46722
1.11167
1.51913
1.36422
0.789379
1.21322
1.71336
1.2723
0.93196
1.11925
1.03787
1.33971
1.40976
1.37757
1.74887
1.20595
1.36186
1.58745
1.57803
1.30344
1.02845
1.49037
1.65168
1.54712
1.61111
1.37542
1.60709
1.23947
1.23152
1.32881
1.33025
1.4853
1.23689
1.4655
1.1741
1.26759
1.81855
1.19928
1.23958
1.46596
1.42657
1.41448
1.04524
1.22675
0.994813
1.25659
0.9863
1.25555
1.58731
1.36563
1.41618
1.4752
1.64106
1.3911
0.780935
1.32169
1.27177
1.08715
1.3406
0.988543
1.54635
1.51313
1.4552
1.37365
1.44093
0.731302
1.1637
1.35511
1.37401
1.35538
1.26309
1.04906
1.54835
1.40497
1.37773
1.1418
1.7062
1.12185
1.50334
1.46636
1.56262
1.4402
1.58646
1.02687
1.01894
1.69902
1.03875
1.62275
1.51641
1.49584
0.85699
1.09648
1.25096
1.41572
1.41749
1.20554
1.55823
1.27254
1.1942
1.3422
1.54871
1.54394
1.63201
0.976627
1.21074
1.37459
1.17024
1.62349
1.44353
1.5636
0.88274
0.988383
1.12868
1.61254
1.55598
1.34616
1.44252
1.75755
1.07323
1.20525
1.2901
1.32578
1.20169
1.17242
1.13021
1.72248
1.38159
1.16833
1.40338
1.62957
1.47658
1.90999
1.74729
1.42561
1.65554
1.43318
1.34325
1.6282
1.49033
1.56253
1.13347
1.6823
1.25588
1.6613
1.31875
1.36104
1.32979
1.3679
1.1006
1.04464
1.26765
1.31086
1.39421
1.28147
1.09736
0.904974
1.02388
1.14084
1.06256
1.1292
1.35379
1.26738
1.28899
1.08609
1.10057
0.91661
1.25769
1.20951
1.19048
1.19448
1.20922
1.31513
1.08989
1.32887
1.22674
1.54585
0.693397
1.37074
1.14774
1.44269
1.09965
1.17252
1.36622
1.33961
1.20067
1.56612
1.07833
1.43795
0.752744
1.11607
1.67223
0.691117
0.978218
1.21242
1.20517
1.45859
1.39107
1.19481
1.28759
1.64882
1.07206
1.08001
0.963644
0.827819
1.1483
1.46572
1.11871
1.30531
1.3283
1.36319
1.11324
1.59657
1.10679
1.35862
1.0524
1.35389
0.977802
1.20034
1.25248
1.19698
1.35641
1.31756
1.37751
1.34553
1.15903
1.32157
1.42447
1.02126
1.26486
0.907841
1.28184
1.06707
0.81445
1.26994
1.47859
1.38797
1.19453
1.05775
1.03057
0.967914
1.23221
1.13149
1.31676
1.28494
1.38668
1.42343
0.66018
1.23603
1.28287
1.14707
1.2393
1.33685
1.14554
1.13445
1.23391
1.50237
1.65718
1.26041
0.845783
1.06325
1.23723
1.32362
1.33782
1.12427
1.50512
1.49943
1.39554
1.37251
1.55535
1.21709
1.16068
0.812968
1.3576
1.22705
1.57957
1.05529
0.971821
1.07582
1.36711
1.195
1.44105
1.29835
1.16292
1.17983
1.48392
1.3331
1.27323
1.2279
1.40557
1.13314
1.51826
0.897629
1.19325
0.848537
1.7452
1.13162
1.27064
0.9329
1.08301
0.996358
1.21566
1.28939
1.36681
1.10185
1.07166
1.18779
1.27243
0.969741
1.26748
1.06941
1.2282
1.09001
1.19555
1.19029
1.00225
1.2686
0.993661
1.20996
1.32398
1.32047
0.925396
1.16258
0.836626
1.08288
1.50598
1.23769
0.716107
1.21109
1.21175
1.01412
1.72317
1.19371
1.21217
0.999021
0.755184
1.00117
1.48751
0.779393
1.6834
1.46989
1.39269
1.47379
1.02588
1.33723
1.41535
1.48112
1.10836
1.33536
1.21717
1.06566
1.34055
1.48297
1.29309
1.50639
1.47816
1.31165
1.21875
1.48563
1.54777
1.14727
1.54244
1.09954
1.44058
1.54809
1.5014
1.39427
1.18683
1.03104
1.36118
1.35245
1.46461
1.27065
1.26549
1.25048
1.81542
1.38433
1.73661
0.859452
1.43827
1.71015
1.05507
1.04043
1.41905
1.54011
1.9349
1.47642
1.4972
1.29383
1.16794
1.53853
1.41018
1.28891
1.1285
1.28528
1.48235
1.4376
1.28296
1.12533
1.31013
1.15898
1.66954
1.29847
1.43839
1.30196
1.45937
1.02606
1.19664
1.24181
1.48211
1.64993
1.42585
1.50874
0.945919
1.36271
1.28918
1.65406
1.35551
1.32466
1.13422
1.77949
1.25969
1.30868
1.22592
1.46617
1.58455
1.1019
1.63186
1.12902
1.28807
1.32569
1.26393
1.61541
1.28342
1.2902
1.20744
1.15344
1.07176
0.563141
1.35126
1.42298
1.15161
1.09668
1.27814
0.794131
1.03905
1.12407
1.04849
0.904057
1.04155
1.18121
1.09463
1.27798
1.41469
1.28937
1.47686
1.22898
1.37273
1.42195
1.42894
1.78242
1.58717
1.14491
0.695711
1.3125
0.894393
1.57167
1.60655
1.03362
0.940504
1.14584
1.26848
1.24007
1.22262
0.951292
1.47674
1.21439
0.875671
1.1555
1.5075
1.2204
1.49907
1.1539
0.97517
1.04177
0.970127
1.55871
1.41388
1.47844
0.855061
1.20355
1.14799
1.57286
1.71075
1.4414
1.41414
1.51212
1.03087
1.47652
1.49376
1.33411
0.865217
1.13233
1.10632
1.55336
1.32759
1.07486
1.51787
1.56794
1.41493
1.60095
1.66416
1.60006
1.39936
1.12579
1.35022
1.61806
1.38656
1.34298
0.896038
1.39731
1.33079
1.47528
1.33144
1.55046
1.10082
1.43044
1.17004
1.07436
1.23786
1.17526
1.54931
1.18648
1.25799
1.23025
1.53512
1.45049
1.14638
0.983415
1.27176
1.37355
1.40333
1.37305
1.22388
1.55055
1.59708
1.23236
1.39303
1.35186
1.32105
1.15205
0.989279
1.1398
1.297
1.43189
1.03485
1.17591
0.902208
1.51273
1.37389
1.37464
1.17181
1.07452
1.27801
1.6363
1.30031
1.39439
1.53329
1.32075
1.14033
1.56865
1.01833
0.984568
0.981156
1.53845
1.25637
1.30518
0.815058
1.11708
1.14066
1.24798
1.06331
1.18982
0.773329
0.911959
1.29064
1.09333
1.00623
1.38418
1.05791
0.93342
1.09165
1.27752
1.17258
1.10539
1.05064
1.068
1.04073
1.15968
1.31056
1.0194
1.23039
1.26655
1.139
1.585
1.44312
1.06753
1.35002
1.21092
0.803997
1.71248
1.21545
1.39275
0.969114
0.894569
0.805686
1.47447
0.87199
1.58029
1.36806
1.19249
1.30543
1.40002
1.17831
1.50456
1.17011
1.3435
1.15086
1.14548
1.31958
1.1687
1.44181
1.16217
1.29194
1.08068
1.45686
1.28766
0.859026
1.25903
0.885049
1.55228
1.11691
1.43186
1.29296
0.887971
0.784688
0.792476
0.931528
1.20063
1.6249
0.966746
1.23143
1.42102
1.1098
1.31535
1.28839
1.62279
1.35356
1.42106
1.16803
1.1216
1.14543
1.01578
1.37514
1.07539
1.29386
1.22562
1.04382
1.30383
1.27097
1.12724
1.15523
1.27219
1.58177
0.784058
1.57118
1.26511
1.1849
1.24367
1.33277
1.28838
1.08354
1.17883
1.51754
1.39623
1.32771
0.861751
1.52962
1.04286
1.24151
1.28078
1.08116
1.02741
1.67948
1.39172
1.70007
0.961089
1.18334
1.34398
1.4211
1.54517
1.02563
0.937087
1.31813
0.920062
1.33379
0.757741
1.34452
1.27012
1.14266
1.39696
1.1256
1.77749
1.07164
1.53959
1.52588
1.07912
1.15042
1.37974
1.16548
1.19742
1.55133
1.32928
1.29578
1.36532
1.67158
1.66421
1.47807
1.33254
1.43945
1.68699
1.61301
1.32706
1.36564
1.46922
1.24657
1.20559
1.42125
1.24448
1.58935
1.45958
1.76176
1.17511
1.49329
1.17633
1.61241
1.43739
1.33269
1.56566
0.874138
1.2761
1.70463
1.66541
1.37518
1.32071
1.39263
1.54255
1.33546
1.13923
1.39595
1.40034
1.36387
1.03595
1.04941
1.0249
1.47546
1.60966
1.46363
1.28156
1.79587
0.860964
1.06997
1.16326
1.2965
0.796912
1.17444
1.47764
1.64145
1.37422
1.17674
1.49844
1.47853
1.4949
1.61342
1.56491
1.5163
1.63594
1.10578
1.38136
1.59056
1.33271
1.8542
0.804208
1.64514
1.23131
1.4537
1.14757
1.56839
1.33689
1.41595
0.981238
0.884725
1.57142
1.25051
0.837357
1.65994
1.45359
1.36434
1.40439
0.92094
1.11806
1.34811
1.35698
0.694637
1.36225
0.863314
1.45389
1.44968
1.48504
0.695576
1.08427
1.21605
1.56384
1.14996
1.42488
0.820334
0.895408
1.20538
1.7633
1.36343
1.36956
1.36302
1.14247
0.902076
0.74211
1.38735
1.11706
1.23318
1.59684
0.787803
1.16253
1.0332
1.27876
0.912398
1.1978
1.09944
1.02815
0.873798
1.07966
0.63382
1.40066
1.38324
1.03659
1.16079
1.32701
1.35513
1.06651
1.19589
0.835736
0.972083
1.52535
1.21329
1.27695
1.21832
1.22958
1.1692
1.147
1.68242
1.13994
0.952166
0.899351
1.34032
1.1147
1.4631
1.4806
1.31458
0.883046
1.30699
1.61324
1.12818
1.3476
1.07181
0.607463
0.948293
1.16331
1.35198
1.30817
0.848757
1.5999
1.18811
1.41208
1.01426
1.08766
1.44496
0.981964
1.06281
1.00971
0.961704
0.799615
1.09733
1.2591
0.987709
1.06768
1.41516
1.30137
1.40053
1.21061
1.18347
1.54942
0.994872
1.6419
1.50461
1.2913
0.70654
1.24467
1.07559
1.58716
1.55647
1.14678
0.77335
1.08358
1.04307
1.21605
1.40788
0.786928
1.41329
1.15354
0.858249
1.20315
1.48538
1.0126
1.46062
1.43685
0.885762
1.07774
0.661434
1.3066
1.29541
1.46641
0.752063
1.09597
1.19731
1.45737
1.53454
1.40346
1.2671
1.45317
0.819051
1.33989
1.34082
1.21886
0.8644
1.00565
1.1399
1.39214
1.32491
1.22911
1.37183
1.49795
1.30999
1.3441
1.51343
1.35437
1.25052
1.06583
1.04207
1.58601
1.35616
1.42581
1.03139
1.11856
1.15443
1.28508
1.28841
1.43201
1.038
1.3907
1.6011
1.02461
1.16664
1.73737
1.57856
1.13169
1.43646
1.0904
1.18256
1.20243
1.14429
1.19975
1.02887
0.840541
1.32301
1.50522
1.37879
0.668652
1.44605
1.28695
1.53007
1.20363
1.40056
1.03926
1.37437
1.39693
1.40611
1.17766
1.44179
1.21548
1.16665
0.812506
0.968493
1.54107
0.931284
0.866868
1.74834
0.949962
1.3475
1.05777
1.57089
1.3777
1.56013
0.743852
1.29764
1.2474
1.20038
0.887957
1.27405
1.37779
1.31552
1.55238
1.34141
1.10004
1.2225
1.02308
0.917773
1.39921
1.62628
1.22428
1.02771
1.61516
1.1841
1.24404
1.06452
1.58589
1.56038
0.98767
1.09221
1.2127
1.04946
1.20873
1.39171
1.16489
1.21742
0.964041
1.38671
1.47257
1.2176
1.36302
0.892805
0.980055
1.14148
1.63477
0.925685
1.23083
1.39566
1.45648
1.5218
0.686857
1.17011
1.14753
1.18101
1.2273
1.43732
1.31199
1.08172
1.49589
1.74508
1.6225
1.07883
0.821595
1.31823
1.78888
1.44257
1.34881
1.25978
1.22339
1.15405
1.33408
1.26142
1.29512
1.07702
1.0359
1.681
1.33545
1.65162
1.30612
1.56161
1.37355
1.29447
1.24646
0.826147
1.31836
1.64069
1.44625
1.40172
1.18056
1.6652
1.40668
1.01352
1.48768
1.1318
1.42508
1.1233
1.08032
1.56796
1.15561
1.32458
1.39995
1.59177
0.99424
1.66337
1.42041
1.11094
1.0078
1.40198
1.38297
1.35269
1.24582
1.55484
0.91933
1.36742
1.40981
1.32954
1.49181
1.49626
1.18914
1.56516
1.44467
1.20406
1.35642
0.921294
1.39429
1.43064
0.964774
1.67288
1.27268
1.01399
0.929723
1.27986
1.50199
1.14947
1.01676
1.47316
1.49191
0.911018
0.778404
1.36331
0.994434
0.821043
1.25627
1.25156
0.796818
1.35634
1.49308
1.3807
1.29929
1.13763
1.59585
1.19408
1.60866
1.37661
1.46557
0.924078
1.47708
0.879347
1.02916
1.50053
0.976723
0.97355
1.25028
1.04217
1.58326
1.51325
0.640592
1.04554
1.68063
1.20899
1.76948
1.22759
1.17972
1.58056
1.53475
0.749501
1.50634
0.95489
1.4185
1.39111
1.3277
1.19587
1.46732
1.31796
1.12089
1.23337
1.55284
1.19585
1.14018
1.41013
1.65903
1.48213
0.860732
1.16181
1.13471
1.44608
0.850251
1.19853
1.20836
1.60264
1.35833
1.21873
0.899156
1.00282
1.45003
1.34925
1.19248
1.03031
1.16981
1.38579
1.43688
1.30838
1.44161
1.14859
1.10827
1.54016
1.42259
1.26911
1.41231
1.54495
1.33692
1.34022
1.24153
1.44699
0.935561
1.27143
1.4906
0.944286
1.28736
0.991951
1.44241
1.26066
1.29386
1.1648
1.08388
1.29468
1.5651
1.03862
1.4559
0.853888
0.996601
0.908959
1.60149
1.51673
0.994769
1.42527
1.37898
1.14736
1.17439
1.65661
0.956319
1.27806
1.71095
1.26222
1.50922
1.0719
0.983672
1.17324
1.03551
1.19323
1.15033
0.855678
1.12186
1.17279
1.62274
1.44972
1.47789
0.914136
1.26665
1.28631
1.51197
1.45354
0.841338
1.33654
1.67062
1.40971
1.45175
1.25653
1.54291
1.25322
1.13733
1.44388
0.681449
1.38021
1.13611
1.51784
1.23253
1.38125
1.44083
1.51754
1.20582
1.44112
1.35713
1.30017
1.10341
1.26529
1.1777
1.10122
1.1455
1.21494
1.48621
1.23461
1.51365
1.08556
1.27496
1.24033
1.35478
1.46914
1.15668
1.13529
1.56829
1.76337
1.65263
1.4096
1.01156
1.43778
1.96358
1.63173
1.71332
1.65881
1.44079
1.13921
1.35833
1.46363
1.27179
1.10701
1.33305
1.65027
1.43156
1.83314
1.41923
1.63252
1.43512
1.23391
1.29484
1.01846
1.45077
1.78937
1.71742
1.61099
1.49568
1.46917
1.51011
1.19289
1.63553
1.55938
1.67363
1.3292
1.25813
1.68287
1.29641
1.63319
1.68738
1.85632
1.38615
1.79049
1.53545
1.53639
1.40128
1.45252
1.21744
1.48957
1.55457
1.77725
1.20277
1.24757
1.74414
1.62766
1.67002
1.69319
1.50779
1.7161
1.64263
1.28232
1.5509
1.26195
1.65745
1.47638
0.823808
1.91528
1.53428
1.45955
1.31848
1.56484
1.69649
1.23215
1.15583
1.36189
1.35098
1.15964
1.28229
1.07874
1.51761
1.52121
1.4706
0.95796
1.33097
1.01687
1.74828
1.50554
1.53
1.53422
1.50256
0.94543
1.09352
1.51114
1.18134
1.52118
1.44246
1.44509
1.03622
1.43389
1.36029
1.33373
1.51048
1.10515
1.51517
0.932605
1.26353
1.25875
1.67497
1.41106
1.6086
1.20506
1.27358
1.00395
1.32928
1.46586
1.59322
1.59311
0.815078
1.39267
1.1569
1.70874
1.62733
1.6461
1.46435
1.80859
1.26744
1.26048
1.2948
1.56647
1.29636
1.40275
1.05769
1.86592
1.18847
1.20248
1.469
1.72199
1.62704
1.93776
1.73422
1.42728
1.57273
1.4714
1.38348
1.4608
1.64483
1.22412
1.05807
1.68383
1.3946
1.54459
1.13375
1.35291
1.53653
1.14403
1.0663
1.16307
1.30928
0.818521
0.977648
1.31099
1.03648
1.47252
0.901665
1.2365
0.866933
1.31238
1.53746
1.39683
1.33227
1.33804
0.879476
0.875999
1.48644
0.973176
1.04051
1.23935
1.04059
0.811384
1.04616
1.16022
1.57703
1.23598
1.02591
1.25905
1.26711
0.877564
1.50688
1.21211
1.25392
1.50817
1.50106
0.731754
1.27038
1.22809
1.39124
1.34595
0.804838
0.731727
1.36377
1.17167
1.1009
1.313
1.13683
0.814976
1.32545
1.43513
1.17911
1.28758
0.932844
1.33672
1.02105
0.916452
1.10269
0.719139
1.3983
1.37362
1.27401
0.960066
1.398
0.906398
1.6953
1.10999
1.32217
1.05804
1.0331
1.30214
1.18029
1.07694
1.48527
1.03161
1.10836
1.29825
1.10289
1.28415
0.954189
1.23111
1.06266
0.84082
1.19188
1.31394
1.12543
1.58573
1.41772
1.42572
1.32349
1.4779
1.51889
0.998186
1.52863
1.41062
1.39706
0.905493
1.35911
0.832419
1.06629
1.35148
1.19007
0.928736
1.16244
1.18044
1.66848
1.47116
0.879621
1.17416
1.2926
1.29229
1.65136
1.27834
1.24536
1.45043
1.61439
0.946557
1.4637
0.922091
1.47764
1.43162
1.3334
1.07729
1.45848
1.14259
1.35219
1.27554
1.6055
1.25242
1.54855
1.0923
1.35933
1.33675
1.01098
0.831851
0.880576
1.44758
1.23828
1.0079
1.19114
1.6926
1.43808
1.12615
1.12354
1.22167
1.37297
1.26235
0.913679
1.01503
1.26994
1.4324
1.69322
1.09856
1.59368
1.16337
1.20386
1.19484
1.60098
1.12051
1.49115
1.23429
1.17906
1.08748
0.962846
1.44547
1.36589
1.29669
1.43529
1.49183
1.15582
1.39986
1.20099
1.64128
1.41667
1.23498
0.910682
1.04127
1.36464
1.54844
1.14774
1.53873
1.16734
1.10251
1.05177
1.0132
1.12127
1.19013
1.22082
1.08745
0.550503
0.99376
1.29666
1.51608
1.09294
1.64284
0.97323
0.957756
1.19375
1.32065
0.925952
1.05905
1.08058
1.13332
1.39272
1.53958
1.52831
1.12593
0.968916
1.41749
0.876492
1.28957
1.15882
1.16729
1.124
0.805505
1.15505
1.43718
1.46476
1.55539
1.13678
1.19002
1.11897
1.24967
1.46837
1.61549
0.967061
0.662019
1.12167
1.61205
1.32206
1.53226
0.76931
0.959264
1.11422
1.23388
1.33231
1.31907
0.853964
1.48371
1.32011
1.26135
1.27176
1.35684
1.32959
1.40152
1.47992
1.51219
1.29779
1.31398
1.11286
1.84542
1.56358
1.61854
1.0096
1.24046
1.03412
1.44281
1.57905
1.19996
1.12845
1.36259
1.28735
1.11561
1.42807
0.784394
1.22376
1.4982
1.19884
1.20934
1.40124
1.22355
1.44809
1.52078
0.927373
1.01929
0.969635
1.34125
1.41414
1.77062
1.16584
1.48171
1.40175
1.54009
1.53237
1.76414
1.47908
1.44609
1.21383
1.70429
1.43711
1.47609
1.24012
1.29983
1.26784
1.48192
1.44995
1.20055
1.49873
1.57974
1.65472
1.29304
1.6334
1.26268
1.50978
1.11918
1.29604
1.41654
1.44798
1.38192
1.33693
1.30697
1.43627
1.19718
1.3501
1.5373
1.13059
1.69346
1.10873
1.21256
0.789596
1.37629
1.34398
1.34934
1.00991
1.45034
1.68284
1.45736
1.57758
1.25756
0.926886
0.74101
1.454
1.03005
1.07878
1.24122
1.04931
1.00694
1.171
1.05542
1.57705
1.57135
0.796681
1.08277
1.36087
1.14839
1.64667
1.3326
1.46946
1.61486
1.39527
0.851432
1.48975
1.2388
1.62309
1.40949
1.02231
1.15806
1.51954
1.21959
1.50876
1.29918
1.47082
1.23131
1.37383
1.33593
1.4883
1.46317
0.846278
1.00232
1.00276
1.43054
1.28258
1.07577
1.27636
1.6598
1.41083
0.862531
1.3384
1.17253
1.61055
1.01387
1.12587
0.971428
1.39694
1.67855
1.32754
0.881055
1.56292
1.06967
1.46077
1.46506
1.4249
1.39861
1.06213
1.63852
1.41005
1.14424
0.96959
1.51964
1.30462
1.33624
1.29978
1.43033
1.2939
1.39434
1.06503
1.1696
1.61487
1.11114
0.892029
0.893174
1.67182
0.861326
1.15693
1.01518
1.21413
1.09229
1.03607
0.817131
1.25544
1.0938
1.30202
1.23318
1.77644
1.3987
1.35123
0.88575
1.23661
1.42165
1.42816
1.1761
1.19153
0.979534
1.1163
1.39929
1.41056
1.18045
1.32665
0.970654
1.59876
1.23733
1.22777
0.895489
0.947501
1.42399
0.875618
1.14712
1.49671
1.24533
1.40766
1.1418
1.35431
1.32276
1.50374
1.36931
1.22052
1.43741
1.14182
1.03509
1.10799
1.41277
1.48661
1.07204
1.59914
1.16299
1.27869
1.34709
0.886665
1.23979
1.28765
1.33349
1.35237
1.54596
1.2209
1.38207
1.17078
1.41528
1.26992
1.71616
1.15778
1.3605
0.726383
0.64844
1.29254
1.84566
1.51032
1.10639
1.50264
1.3149
1.15994
1.22149
1.59352
1.20948
1.50151
1.45899
0.874938
1.39499
1.2534
1.00994
1.06532
1.46558
1.24369
1.08058
0.940059
1.20437
1.04847
1.27187
1.40116
1.44186
1.06689
1.43189
1.56681
1.25028
1.2892
0.940275
1.14745
1.55424
1.4948
1.4222
1.06451
1.36731
1.27805
1.19436
1.50833
1.22615
1.37996
1.0526
1.20603
1.17089
1.38434
1.82533
1.07183
0.957213
1.40224
1.70194
1.33049
1.28525
0.948579
0.779743
1.04465
1.23414
1.30141
1.61371
1.08963
1.48216
1.37367
1.46783
1.61597
1.0275
1.25396
1.91331
1.30528
1.58176
1.36388
1.28875
0.907349
1.67853
1.32941
1.4433
1.48518
1.16942
0.980937
1.12204
0.997198
1.6403
1.9482
0.796962
1.271
1.69665
1.31857
1.75231
1.42684
1.45388
1.85754
1.63366
0.844987
1.73819
1.12856
1.59077
1.45843
1.38266
1.28456
1.5419
1.45504
1.56088
1.19267
1.52052
1.36873
1.36082
1.42369
1.59494
1.55397
0.95748
1.35858
1.17185
1.52204
1.22898
1.36143
1.5414
1.6215
1.54283
0.962254
1.348
1.25162
1.4668
1.10739
1.46252
0.771338
1.60063
1.83533
1.43205
1.41434
1.42102
1.02755
1.53865
1.68397
1.38262
1.53323
1.20966
1.38173
1.56363
1.42545
0.986378
1.12961
1.50669
1.3875
0.974439
1.36275
1.15118
1.37912
1.33495
1.54795
1.10932
1.65739
1.45163
1.34502
0.843454
0.793195
1.67591
1.0912
0.872614
1.81261
1.28415
1.41178
1.02581
1.73095
1.22618
1.0186
1.19531
1.32641
1.32966
1.21278
0.827591
1.54739
1.60853
1.26501
1.34388
1.48816
1.00581
1.34553
1.33418
1.01002
1.36704
1.6479
1.09558
1.26954
1.62051
1.4323
1.36053
1.36011
1.75306
1.2041
0.947278
1.05658
1.49355
1.38987
1.49903
1.20017
1.54642
1.26785
1.27281
1.4566
1.53103
1.25598
1.32639
1.18456
0.997346
1.37312
1.50871
1.00357
1.3655
1.47788
1.3338
0.808661
1.53724
1.29245
1.38069
1.06114
1.20351
0.847436
1.1188
1.43394
1.28245
1.38471
0.947786
1.48051
1.09422
1.11669
1.30872
1.36731
1.49356
1.32061
1.37497
1.1081
1.14906
1.15925
1.1853
1.47748
1.36933
1.51607
1.08088
1.07221
1.42529
1.20141
1.28393
1.20497
0.899765
1.45879
1.14188
1.42639
1.19179
1.20599
1.01135
1.58162
1.43035
0.845741
0.951679
1.44316
1.69601
1.27026
0.553873
1.5733
0.863683
1.51594
1.08094
1.31164
1.23738
1.78225
1.31241
1.49521
1.22129
1.48356
1.18517
1.10157
1.50006
1.0903
1.26746
1.49478
1.04408
1.1986
0.907898
0.897166
1.40349
1.00855
1.23036
1.73609
1.6419
1.44967
1.4083
1.02462
1.2427
1.31192
1.1281
1.44286
1.40784
1.36619
1.48734
1.57406
1.86238
1.2758
1.58126
1.74012
1.23683
1.41035
1.20739
1.37939
1.86401
1.55248
1.07099
1.28878
1.62267
1.54194
1.04748
1.44098
0.956371
1.48837
1.236
1.32531
1.74586
1.12206
1.26986
1.48094
1.6784
1.17254
1.32906
1.64242
1.45323
1.32747
1.54327
1.46879
1.71589
1.37377
1.4015
1.13279
1.28156
1.48301
1.29091
1.59252
1.42095
1.08322
1.74169
1.47101
1.4442
1.48295
1.09165
1.49717
1.08328
1.1084
1.49072
1.255
1.02591
1.17112
1.37145
1.73453
0.978439
1.61816
1.6588
1.45121
1.14882
1.06034
0.644188
0.928208
1.49975
1.27413
1.48326
1.22137
1.18901
1.10542
1.20398
1.21649
1.61553
1.87555
1.1409
1.48342
1.23709
1.30748
1.56525
1.37094
1.2941
1.63727
1.39121
1.15688
1.39281
1.30746
1.35647
1.4711
1.208
1.03435
1.59342
0.984199
1.50312
1.18886
1.35899
1.25077
1.48366
1.48939
1.0771
1.29349
1.34898
1.49869
1.39669
1.02231
1.49139
0.841968
1.37083
1.43432
1.4266
1.04777
1.77781
1.22382
1.58088
1.12142
1.60146
1.09421
1.33003
1.74216
0.977433
1.21673
1.55639
0.928383
1.44177
1.1219
1.17004
1.64295
0.610796
1.3319
1.23544
1.52834
1.38613
1.64492
1.09647
1.41069
1.31684
1.66855
1.44651
1.54106
1.25953
1.05152
0.899412
1.1057
1.41555
1.19863
1.19537
1.89581
0.924926
1.43989
1.00052
1.50019
1.25066
1.51554
0.965243
1.44219
1.01414
1.23114
0.73285
1.41038
1.43545
0.994046
1.48859
1.16013
1.24346
0.992032
1.0762
0.902936
1.22634
1.60524
1.26001
1.05388
1.53413
1.14865
1.29393
0.898086
1.76028
1.4896
0.948545
0.980641
1.3229
0.989117
1.32529
1.47861
1.44714
1.16414
1.19916
1.558
1.12245
1.61214
1.46361
0.838276
0.989891
1.14295
1.65553
1.17469
0.929282
1.7332
1.53358
1.49895
1.27727
1.57056
1.24364
1.1217
1.06467
1.66868
1.28657
1.58439
1.63731
1.327
1.47345
1.13404
1.27421
1.55133
1.36605
1.73465
1.29626
1.2379
0.806223
1.58372
0.773728
1.21838
1.39151
1.10729
1.33951
1.27886
1.00524
1.62846
1.58347
1.43902
1.11048
1.37749
1.39279
1.3221
1.38928
1.27054
1.39612
1.5163
1.18875
1.66096
1.63306
1.50074
1.07084
1.46287
1.56602
1.11501
1.17293
1.00493
1.66307
1.55423
1.62414
1.62575
1.71251
1.15775
1.72947
1.34602
1.0984
1.50137
1.37807
1.4248
1.2899
1.17965
1.06906
1.46403
0.999557
1.86793
1.31741
1.32304
1.65329
1.14366
1.2257
1.37761
1.57979
1.33316
1.6147
1.10061
1.21848
1.02588
1.42159
1.73377
1.09355
1.32603
1.32665
1.29092
1.48996
1.29372
1.14949
1.26641
1.87597
1.1491
1.34454
0.771489
0.949658
1.16041
1.54973
1.16473
1.30716
1.29867
1.33869
1.12815
1.48871
1.15415
1.50978
0.917959
1.16857
1.02584
1.29967
1.29812
1.08135
1.345
1.27735
1.36788
1.50471
1.25523
1.3139
1.31653
1.05532
1.31662
1.06462
1.28045
1.07567
0.889862
1.42788
1.38569
1.74434
1.41805
1.09847
1.00138
0.976763
1.11283
1.38012
1.09913
1.59863
0.980677
1.25215
1.45164
1.65483
1.48305
1.49442
1.00748
1.92683
1.3425
1.39617
1.09531
1.69939
1.84719
1.51869
1.40704
1.46669
1.54543
1.86054
1.20619
1.57729
1.32492
1.57105
1.52458
1.60922
1.4155
1.02375
1.18801
1.27993
1.34254
1.32191
1.10295
1.15986
0.801606
1.19643
0.996417
1.55333
1.46037
0.78323
0.709662
1.30088
1.7703
1.43053
1.26525
1.37157
1.23961
1.50409
1.04869
1.10249
1.34396
1.63742
1.0962
1.34179
1.60238
1.59831
1.20993
1.13404
1.44097
1.6401
1.49268
1.62579
0.797131
1.20135
1.08792
0.912112
1.60542
1.18058
1.11674
1.09335
1.05418
1.37289
1.49557
0.87182
1.51884
1.55789
1.44223
0.951432
1.31563
1.88958
1.22845
1.11551
1.50395
1.38248
1.66445
0.955565
1.38161
1.02464
1.31968
1.38202
1.29778
1.30489
0.886419
0.960826
1.19879
1.54869
1.56871
0.91197
1.30666
0.790922
1.30995
1.14282
0.984531
1.44213
1.28455
0.998478
1.344
1.54941
1.51596
1.28751
1.21787
1.29383
1.18502
1.12263
0.791446
1.1909
1.33357
1.04653
1.43415
1.22632
1.28362
1.21799
1.20979
1.54034
1.09301
1.17495
1.23532
0.67093
1.12919
1.04619
1.10409
1.51523
1.06167
0.948894
1.45787
1.29601
1.41937
1.03786
1.38923
1.17617
1.23769
1.19365
1.47233
1.60442
1.24457
1.38444
1.05176
1.12643
1.4364
1.39503
1.56685
1.50467
1.24699
1.20226
1.26516
1.48763
1.48016
1.35772
0.953329
1.04968
1.46094
1.05374
1.59566
1.35417
1.22835
1.15948
1.5407
1.40851
1.07761
1.22761
1.26715
1.39638
1.26966
1.05011
1.61392
1.00824
1.38209
1.36407
1.35973
1.03721
1.82624
1.34302
1.70899
1.11447
1.42186
1.20973
1.4101
1.6912
1.06981
0.846522
1.58822
1.00753
1.53259
1.19417
1.14003
1.56691
0.648295
0.978627
0.84408
1.45414
1.22206
0.812316
0.970268
0.78582
0.978279
1.17088
1.40016
0.847548
1.22296
1.24814
0.768086
1.14183
1.01862
1.08339
1.20313
1.17033
0.740816
1.09081
0.760802
1.28758
1.0275
1.12707
0.995119
1.23142
0.854024
1.35704
1.24645
1.10814
1.14065
1.09154
0.940783
1.24744
1.26046
1.07651
0.888669
0.934951
0.972192
1.15793
1.10378
1.02988
1.29479
1.10882
0.845085
1.26042
1.2594
1.49138
0.879706
0.883443
1.01583
1.43742
1.32567
1.14143
0.799731
1.05492
0.811085
1.22268
1.08531
1.3402
0.915921
1.20696
1.34834
1.81665
1.33427
1.33925
1.67998
1.47134
1.33549
1.14169
1.59457
1.36958
1.46249
1.36851
1.10262
1.27753
1.15326
1.12451
0.725546
1.56596
1.40028
0.835554
1.1419
1.03094
1.04596
1.4081
1.5083
1.62403
1.03352
1.49732
1.51825
1.42281
1.32825
1.11758
1.23013
1.49447
1.34321
1.66634
1.29143
1.49884
1.21157
1.39868
1.46085
1.23627
1.32896
1.00375
1.41239
1.26928
1.46599
1.76095
1.18333
0.911928
1.53816
1.55678
1.34025
1.27833
1.03655
0.931715
1.1564
1.08748
0.986807
1.62216
1.11428
1.59517
1.17587
1.45624
0.971289
1.04129
1.11432
1.27197
1.51007
1.14503
1.02905
1.26667
1.51625
1.16152
1.54111
1.05751
1.17079
1.29222
1.05466
0.992919
1.29719
0.927777
1.45345
1.3269
1.3789
1.09334
1.29033
0.870184
1.09947
1.36155
1.38141
1.27142
1.28363
1.24986
1.43133
1.35712
1.14737
1.01929
1.14862
1.15247
1.13204
1.07093
0.723102
1.53229
1.26072
1.35237
1.33679
1.28222
1.53297
1.56003
1.09065
1.39609
1.12938
1.05795
1.45594
1.10884
1.60587
1.18661
1.16601
1.15202
1.50428
1.01472
1.52529
1.21609
1.64001
1.18619
1.61397
1.29605
1.79495
1.44149
1.09027
0.86815
1.58833
1.53619
1.9638
1.41799
1.76946
1.68808
1.72513
1.13235
1.61609
1.62999
1.59787
1.61592
1.26711
1.31737
1.6829
1.57114
1.3123
1.2606
1.77915
1.15294
1.65078
1.73234
1.61598
1.337
1.00376
1.57551
1.27497
1.5942
1.36565
1.12345
1.51149
1.68686
1.54098
1.48898
1.35754
1.08417
1.51086
1.63604
1.41198
1.23818
0.793377
1.60647
1.63194
1.38596
1.96272
1.42562
1.2442
1.58631
1.29092
1.6398
1.37308
1.79371
1.3482
1.25093
1.00852
1.25381
1.61173
1.29676
0.868177
1.28407
1.28107
1.38945
0.990332
1.8009
1.12996
1.58237
1.179
1.29647
1.53849
1.17637
0.947121
1.04282
1.37875
1.46567
1.2958
1.50245
0.812098
1.25568
0.934113
1.45342
1.34751
1.07519
0.703427
1.1904
1.64328
1.13199
1.20887
1.47959
1.24831
1.56653
1.01639
1.02067
1.07554
1.4584
1.20449
1.32958
1.10272
1.14962
1.00546
1.17647
1.61607
1.38626
1.13639
1.412
0.859082
1.21414
1.12097
0.872489
1.38877
1.17026
1.40613
1.32037
1.60062
1.7362
1.69343
1.19452
1.67096
1.74541
1.26595
1.64664
1.3714
1.0667
1.68394
1.51718
1.09443
1.44759
1.1802
1.69572
1.66357
1.50472
1.36627
1.85893
1.18742
1.51715
1.70607
1.62256
1.58609
1.25778
1.66262
1.79247
1.87703
1.54315
1.32647
1.54779
1.28502
1.30467
1.17696
1.2469
1.88122
1.54496
1.322
1.5503
1.4255
2.02443
1.31845
1.47512
1.57406
1.55925
1.59993
1.18228
1.36879
1.56156
1.40817
1.46275
1.47193
1.82705
1.41523
1.51426
0.9273
0.990944
1.49128
1.34731
0.849311
1.24027
1.20222
1.05524
1.42809
1.42751
1.39728
1.64713
1.51749
0.734005
1.41489
0.989981
1.44851
1.36779
1.30873
0.549204
1.00602
1.32423
1.34349
1.28129
1.33131
1.06305
1.65495
1.02404
1.1118
1.14435
0.860274
1.15827
0.718385
1.16056
1.3658
1.1174
1.42112
1.34988
1.54289
1.17259
1.44527
1.33083
1.1935
1.34487
1.25675
0.769872
1.33035
1.41036
1.60782
1.20251
1.51246
1.09373
1.31128
1.36553
1.14959
1.18759
1.2626
1.18605
1.40005
1.431
1.28137
1.40628
1.52529
0.953099
1.13139
0.972455
1.55037
1.41263
1.51616
0.766584
1.49693
1.02692
1.53853
1.0475
1.27272
1.10571
1.14739
1.24405
1.47404
1.22763
0.900255
1.16041
1.44665
1.02479
1.13189
1.2355
1.10456
1.36373
0.726631
0.994156
1.30748
1.31343
1.52419
1.2458
1.24263
0.810226
1.498
1.44234
1.53465
1.07172
1.14825
1.02971
1.60806
1.39779
1.62766
1.29719
1.27054
0.911333
1.41137
1.29938
1.32103
0.826374
1.5603
1.09204
1.57005
0.779097
0.808243
1.3862
1.05193
1.53599
1.16554
1.4203
1.2268
1.309
1.00211
1.31945
0.982433
0.985002
0.795515
1.16149
1.18046
0.914784
1.21521
1.20383
0.852951
1.17352
0.902742
1.12248
0.975004
1.24747
0.829468
0.726127
1.20724
0.987627
1.3479
1.07902
1.45297
1.25139
0.917631
1.01543
1.1298
1.01673
1.10203
0.997251
1.25389
1.02277
0.693719
1.31515
1.35728
1.43059
1.04109
1.04358
0.641411
1.12324
1.37052
0.852629
1.23099
1.14706
1.50124
1.21496
1.15891
1.56478
1.05961
0.882795
1.29966
1.70216
1.13043
1.34403
1.22897
0.892819
1.34604
1.20505
0.889074
1.66343
1.48903
1.26571
1.50247
1.72524
1.45898
1.42717
1.39312
1.30687
1.17753
1.64348
1.16145
1.56173
1.57859
1.40838
1.22673
1.66218
1.84939
1.43003
0.903523
1.27427
1.65226
1.50747
1.79273
1.33939
1.47453
1.1211
1.39462
1.68799
1.52764
1.31153
1.2381
0.924538
1.26519
1.389
1.45338
1.20584
1.19516
1.65834
1.5738
1.50562
1.57178
0.966187
1.45639
1.44194
1.72443
1.32896
1.61593
1.2735
1.24217
1.51957
1.68603
1.38669
1.36473
1.21648
1.22639
1.572
1.33957
1.88919
1.33631
1.1787
1.65786
1.44445
1.61069
1.47109
1.38601
1.46529
1.20692
1.26001
1.51398
1.56535
1.53861
1.4661
1.44355
1.70827
1.56182
1.62919
1.96504
1.8046
1.18011
1.7443
1.44699
0.934409
1.85266
1.24561
1.68737
1.62163
1.30826
1.59358
1.56852
1.01173
1.90383
0.849892
1.37498
1.16279
1.50259
1.35155
1.26209
1.52073
1.33767
0.771932
1.24614
0.952124
1.26381
1.29249
1.41075
1.05722
1.32102
1.27404
1.38679
1.15357
1.60472
1.2315
1.27944
1.16522
1.5297
1.24796
0.952865
1.0615
1.09705
1.37138
1.24188
1.26944
1.11883
1.40341
1.42453
1.29399
1.11845
1.2559
1.05202
1.27818
1.10505
0.80966
1.2552
1.54574
1.2438
1.09052
1.31098
1.07603
1.21135
1.40471
1.21078
1.32777
1.18246
1.61223
1.31143
1.58827
1.10137
1.76525
1.32815
1.47538
0.970042
1.38198
1.40723
1.28328
1.06163
1.30438
1.45089
1.40915
1.4965
1.39308
0.903293
1.55059
1.0944
1.26214
1.39298
1.60108
1.02687
0.915495
1.48731
1.13475
1.50464
1.25978
1.4794
1.37954
1.22663
1.18593
1.34807
1.0526
1.20064
1.10552
1.39109
1.05086
0.96941
1.10518
1.55939
1.44382
1.22499
1.42639
1.09408
1.16764
1.51477
1.00815
1.36776
1.39695
1.25379
1.40847
1.75868
1.46241
1.46687
1.76118
1.45531
1.08138
1.43281
1.38941
1.55722
1.32219
0.863785
1.47805
1.26154
1.74756
1.67263
1.60025
1.26188
1.96927
1.13603
0.940076
1.18067
1.5563
1.23676
1.25264
1.24917
1.89442
1.12946
1.58481
1.50609
1.65507
1.44232
1.82429
1.62248
1.61125
1.31605
1.28818
1.29459
1.55851
1.67282
1.59034
0.905296
1.62825
1.34656
1.46143
1.01459
1.47284
1.51694
1.1766
1.03383
1.15966
1.29329
1.11522
1.44725
0.83495
0.923523
1.06563
1.25531
0.90013
0.956355
0.923188
1.01136
1.24098
1.25695
1.50645
0.830406
0.838725
1.16363
1.04144
1.26052
1.21303
1.10231
1.19705
0.91535
0.858492
1.18531
1.33491
1.41514
1.02761
1.05784
1.0879
1.26263
1.2992
1.70913
1.05918
0.929117
1.19519
1.47011
1.05572
1.31913
0.873974
0.907321
1.01955
1.10781
1.32469
1.18936
0.804369
1.37037
1.4092
1.77218
1.3718
1.6659
1.17973
0.980159
1.45194
1.56139
1.23862
1.70685
1.32411
1.47925
1.56675
1.96137
1.72759
1.41636
1.5174
1.72698
1.20148
1.48095
1.38053
1.78108
1.65786
1.30023
0.96533
1.92395
1.69038
1.72262
1.23532
1.56577
1.54592
1.86762
1.99051
1.67234
1.31168
1.25867
1.50125
1.8702
1.67197
1.47829
1.34942
1.20946
1.45282
1.59181
1.34261
1.49447
1.09155
1.78989
1.48893
0.897715
1.40932
1.04636
1.36084
1.19505
1.1707
0.753633
1.20563
1.50283
1.41606
1.08155
1.10374
0.891703
0.993657
1.03146
0.906095
1.38658
1.34707
1.0805
1.22229
1.59594
1.21243
1.05977
0.939856
1.31684
1.28524
1.07624
0.608646
1.0879
1.16588
1.08872
1.55945
1.26526
1.08819
1.30287
1.16241
1.15504
1.40078
1.35539
1.21179
0.821487
0.97622
1.14407
1.20307
0.95863
1.58715
1.3791
1.64221
1.4201
1.23054
0.832858
1.09269
1.52684
1.55627
1.19037
1.59233
0.959134
1.13634
1.62275
1.566
1.37143
1.29072
1.41659
1.45912
1.55658
1.60898
1.25645
1.6219
1.24918
1.1943
1.19632
1.15475
1.60228
1.38624
1.5647
1.35772
1.27331
1.77263
1.54034
1.44341
1.53258
1.40589
1.22046
1.39737
1.37966
1.33028
1.26347
1.0384
1.13819
1.69099
1.39101
1.47499
1.45387
1.46006
0.97797
1.2221
0.897879
0.712867
1.30801
1.51862
1.31643
1.02345
1.20654
1.32479
1.13937
1.07843
1.12062
1.19023
1.30313
0.983102
1.51331
1.44619
1.39522
1.16332
1.26985
1.52354
1.22256
0.984536
0.634769
1.47221
1.22958
1.35899
1.63941
1.46764
0.886499
1.56113
1.35217
0.957051
1.537
1.11874
1.07901
1.04354
0.912447
0.959883
1.38074
0.964004
1.68826
1.5279
1.44683
1.37073
1.60833
1.36965
1.69641
1.55677
1.31875
1.04089
1.58743
1.54643
1.50585
1.65524
1.38582
1.4522
1.69259
1.47507
1.51345
1.3816
1.64504
1.43601
1.63319
1.69154
0.72707
1.48453
1.41395
1.72377
1.85025
1.76159
1.62789
1.89939
1.4848
1.72057
1.63284
1.50752
1.41314
1.20701
1.71613
1.32557
1.70081
1.47523
1.51985
1.52974
1.53797
1.26401
1.05066
1.40502
1.13315
1.17139
0.949959
1.27421
1.36906
1.33177
1.17475
1.22848
1.00255
1.25866
1.19677
1.38684
1.24365
0.878597
1.29517
0.753397
1.03723
1.12918
1.15848
1.43424
1.26943
1.2848
0.957996
1.16911
1.19744
1.37695
0.996235
1.05637
0.807978
1.26682
1.39803
1.30617
1.18514
1.21459
1.02036
1.15281
1.40375
1.12855
0.982108
1.34244
1.28278
1.01321
1.17851
1.42173
1.11758
1.4273
1.18896
1.47428
1.61215
1.43751
1.1946
1.37616
1.26023
1.3766
1.17556
1.64373
1.40988
1.44941
0.876263
1.59298
1.35087
1.27715
1.11829
1.26598
1.62253
1.5252
1.55443
1.60772
1.38529
1.12093
1.50152
1.34678
1.26598
1.07016
0.994075
1.12712
1.31379
1.05444
1.01384
1.30585
1.20182
1.4065
1.11828
1.10558
1.50391
1.06828
1.04798
0.944089
1.16751
1.28553
1.28537
1.24291
1.22116
0.786448
1.28968
1.23821
1.18164
0.897454
1.07786
1.22239
1.06651
1.35539
1.00965
1.31089
1.21299
1.27323
1.09506
1.33871
1.27475
1.37876
1.00054
1.11289
1.48771
1.10425
1.58589
1.20005
1.06913
0.938514
1.09586
1.14097
1.47985
0.878638
1.56217
0.955034
1.39914
1.3199
1.34144
1.11437
1.04562
1.07116
1.32606
0.962766
1.13741
1.30991
1.18559
0.816954
1.46438
1.60523
1.5173
1.13679
1.18953
1.38442
1.33291
0.826818
0.917535
1.53618
1.18611
1.11658
1.28622
1.47102
1.29771
1.26103
1.1174
1.17736
1.31318
1.35697
0.996561
0.911411
0.671316
0.998532
1.01836
1.35982
1.32889
1.17074
1.41705
0.984493
1.19013
1.21587
1.01528
0.799588
0.896394
0.953587
1.02032
1.24671
0.82533
1.13264
1.45104
1.08577
1.12806
1.09489
1.59656
1.3585
0.611615
0.556337
1.16006
1.10085
1.26548
1.38679
1.24121
0.885926
1.16224
1.43559
1.10721
1.48652
1.13845
0.773375
0.69419
1.03897
1.24382
1.01196
0.873299
1.53251
1.21234
1.44202
1.27833
1.1995
1.34115
0.959652
0.65577
1.30978
1.50051
1.17577
1.24534
0.964372
1.45902
1.10979
1.22938
1.13969
1.07948
1.62955
1.32928
1.00407
0.823888
1.35546
0.835397
1.93828
1.02635
1.23331
1.21548
1.26244
1.36743
1.4479
0.972803
1.45052
0.957439
1.19392
1.40034
1.18248
1.37585
1.06269
1.10601
1.19391
1.3021
1.48616
1.28834
0.981766
1.68389
1.08726
0.934197
1.14215
1.16543
1.18288
0.951753
0.904375
1.4621
0.924011
1.41366
1.31365
1.51799
1.27858
1.5738
1.33326
1.45062
1.32703
1.29393
1.05287
1.26969
1.28592
1.45762
1.07036
1.48152
1.17054
1.19665
1.14551
1.1888
1.21641
1.14466
1.3521
1.289
1.44252
1.01988
1.10546
1.54156
0.831018
1.21946
1.01923
1.0589
1.26593
0.993666
1.31878
1.39325
1.714
1.38457
0.979856
1.28662
1.49465
1.46533
1.57789
1.33265
1.7153
1.18342
1.25881
1.63855
1.06121
1.88806
1.22527
1.31597
1.09809
1.38294
1.50179
1.19264
1.02942
1.64986
1.1716
1.24347
1.2224
1.23944
1.23977
1.18013
1.0593
1.16074
1.40027
1.11456
1.38605
1.05142
1.26298
1.01738
0.727256
1.35207
1.02737
1.25433
1.51258
1.23506
1.57975
1.41061
1.20009
1.42047
1.26429
1.18363
1.29336
0.984359
1.43162
0.877731
1.16781
0.675761
1.43927
1.23672
1.23406
1.26422
1.18535
0.844725
1.07577
1.57615
1.38592
1.22452
1.14626
1.57333
1.43968
1.27465
0.624016
1.26188
1.28796
1.2609
0.940585
1.49669
1.07322
0.74064
1.70148
1.73035
1.42269
1.46851
0.877907
0.703507
1.62193
1.48195
1.4832
1.09694
0.682478
1.37137
1.24537
1.30154
1.52348
1.34694
1.08152
1.26559
1.41217
1.2283
0.830531
1.07839
1.68407
1.26508
1.38082
1.15981
1.32565
1.4339
1.10396
1.02113
1.14716
1.25983
1.02149
1.04046
1.34741
1.36168
0.877872
1.10935
1.58373
1.49385
1.48918
1.41793
0.681724
1.14435
1.25115
0.913568
1.46082
1.284
0.859352
1.2202
1.27556
1.08139
1.14736
1.19134
1.59938
1.13181
0.972641
1.15866
1.47828
1.59839
0.913509
0.833291
1.02906
1.51054
1.26413
1.85299
1.2988
1.30262
1.36621
1.56615
1.08525
1.60924
1.27008
1.1577
0.839513
1.27583
1.37767
1.14654
1.03349
1.49016
1.20975
1.27891
0.967335
0.815934
0.875965
1.47555
0.969804
0.998034
0.945158
1.08836
1.52613
0.881721
0.840153
1.04385
1.09796
0.732151
1.5338
1.17816
1.12526
1.00309
0.962067
1.01391
1.44158
1.10906
1.19619
0.804632
0.734875
1.21876
0.792914
1.13375
1.15621
1.61754
1.77463
1.4683
1.32511
1.60425
1.59757
1.35857
0.750163
1.61318
1.24345
1.24234
0.737667
1.3742
1.0162
1.08195
1.80414
1.43009
1.30629
1.50236
1.38193
1.24028
1.19642
1.39664
1.01366
1.01414
1.06357
1.54708
1.35994
1.31484
1.54446
1.12878
1.0521
1.22733
0.860773
0.820156
1.32785
1.53771
1.56826
1.30383
1.21983
1.3506
1.29022
1.38566
1.66442
1.20367
1.35075
0.781108
1.08158
1.7474
1.33625
1.8257
0.990377
1.15526
1.0417
1.39741
1.1781
1.4706
0.844064
1.64118
0.806847
1.37193
1.51316
1.12698
0.99223
1.57544
1.04343
1.59556
1.13713
1.28861
1.16468
1.74459
1.33168
1.49301
1.32554
1.40009
1.15462
1.37863
1.40491
1.68159
1.24315
1.5307
0.91813
1.27369
0.840549
1.15081
1.34409
1.21131
1.17104
1.5262
1.0931
1.0951
1.38589
1.31358
1.39796
0.668499
0.996536
1.32851
1.37905
1.23296
0.991424
1.41772
1.14184
0.995262
1.11077
1.26098
1.54556
1.19544
1.28582
0.794127
0.991398
0.965085
0.725867
1.22302
1.28067
1.20995
0.756748
1.49137
0.967875
1.34535
1.44056
1.33949
1.20502
0.977087
1.04451
0.980041
1.3974
1.32204
1.10934
0.813935
1.2883
1.36003
1.70746
1.14547
1.47359
0.922903
1.26262
1.61244
1.12057
1.24082
1.3101
1.08362
1.59801
1.48591
1.44539
1.04857
1.74794
1.53987
1.36415
1.36381
1.5965
1.60931
1.46326
0.871665
1.3425
1.73081
1.43678
1.79368
0.798536
1.53082
1.30503
1.52114
1.37478
1.81462
1.16087
1.59515
1.27026
1.32429
1.30416
1.55092
1.30072
1.32138
0.892489
1.25613
1.35605
1.37137
1.10613
0.83288
0.803368
1.50146
1.36356
1.80345
1.0498
1.36309
1.0134
1.32152
1.37685
1.28645
0.8415
1.51665
1.40672
1.03904
1.40643
0.98729
1.15123
1.27775
1.66143
1.35154
1.66087
1.24685
1.36104
1.35761
1.23382
1.17668
1.09057
1.2371
1.23347
1.05739
1.06943
0.920758
1.08042
1.10194
1.28128
1.379
1.35211
1.35192
0.847335
1.21515
0.737168
0.678535
1.72602
1.45905
1.27854
1.3016
1.1568
1.01151
1.57783
1.4615
1.26527
0.963171
0.853668
1.535
1.34693
1.20726
1.56001
1.408
1.61991
1.4227
1.14545
1.61234
1.00267
1.73482
1.23537
1.46566
1.25825
0.937082
1.49697
1.30012
1.23081
1.76122
1.17016
1.14202
0.950545
1.37964
1.50811
1.01499
1.55289
1.2854
1.65328
1.47426
1.49198
1.49386
1.7837
1.22512
1.60475
1.34553
1.24978
1.4063
1.10759
1.60199
1.24202
1.32975
1.1629
1.61081
1.34393
1.53092
0.898607
1.44387
1.43396
1.37675
1.31841
1.465
1.30057
1.22817
1.37766
1.20251
1.43713
1.36016
0.951656
0.885202
1.06548
1.27709
0.676182
1.1976
1.44032
1.15853
1.06215
0.956579
1.66346
1.30536
1.06277
1.36501
1.21736
0.994487
1.40651
1.19891
1.02858
0.714985
0.867501
1.17509
1.13674
1.07464
1.46745
1.38431
1.10208
1.75375
0.624364
1.18462
0.910749
1.56265
1.64122
1.53448
1.14908
1.34107
0.771143
1.42039
1.36843
1.35639
1.24727
1.22504
1.02535
1.5421
1.43875
0.979834
1.21785
1.34087
1.23466
1.76139
1.41834
1.15848
1.16158
0.890382
1.61784
1.49743
1.16716
1.75983
1.71646
1.31071
1.41269
1.16731
0.834026
1.28094
1.4256
1.37812
1.48281
0.915234
0.819025
1.37853
1.14631
1.50172
1.14351
1.79859
1.45119
1.02496
1.51704
1.79691
1.83599
1.63427
1.60294
1.27957
1.48112
1.47306
1.23702
1.58186
1.65551
1.18185
0.986123
1.66654
1.81324
1.33278
1.14948
1.15097
0.998792
1.42232
1.35422
1.4306
1.33657
1.23747
1.18627
1.50015
1.20705
1.66901
0.796434
1.12221
1.07849
1.14657
1.20951
1.49824
0.695035
1.66295
1.38475
1.67352
1.54043
1.25062
1.26787
0.812291
1.27297
1.3927
0.999347
1.33513
1.13692
1.26119
1.3613
1.46708
1.75125
1.24588
0.771109
1.21296
1.08884
1.56459
1.28582
1.78391
1.36877
1.38346
1.27554
0.865356
1.31863
1.46048
0.924691
1.82754
1.34876
1.41801
1.30683
1.39286
1.38205
1.28489
1.75847
1.02021
1.34041
1.06329
1.33618
1.14605
1.39055
1.17509
1.15592
1.01043
1.16706
1.4483
1.33394
1.07836
1.63597
1.03119
1.03537
0.909905
1.12854
1.05613
1.07276
1.12903
1.12854
1.45232
1.39908
1.24111
1.34828
1.51007
1.05574
1.86035
