0.862677
0.853375
0.672344
0.653185
0.715903
0.386595
0.681911
0.24409
0.721067
0.898727
0.274308
0.305763
0.516068
0.288825
0.926433
0.640156
0.864703
0.139079
0.349075
0.501179
0.416982
0.447762
0.845318
0.685208
0.532934
0.222792
0.409457
0.648485
0.717178
0.454268
0.291978
0.251124
0.7156
0.109449
0.744577
0.497464
0.818157
0.493913
0.275727
0.186275
0.32065
0.275469
0.747708
0.468464
0.872901
0.311664
0.649109
0.319609
0.12514
0.551332
0.344401
0.189541
0.153368
0.62412
0.60637
0.782481
0.884636
0.711213
0.204763
0.855965
0.243384
0.600123
0.762267
0.526937
0.49281
0.207187
0.532819
0.80981
0.433597
0.672678
0.374123
0.855639
0.186815
0.378817
0.5893
0.707814
0.179003
0.542808
0.781945
0.950964
0.315529
0.605092
0.68855
0.533645
0.490531
0.70456
0.69925
0.410785
0.52863
0.357651
0.364675
0.210363
0.811225
0.0794612
1.00492
0.733191
0.704483
0.790616
0.817429
0.527492
0.476637
0.224625
0.15091
0.913602
0.702627
0.895141
0.614877
0.178095
0.647424
0.891222
1.11648
0.69513
0.648079
0.51197
0.377087
0.857451
0.781187
0.39057
0.740193
0.882167
0.730011
0.177493
1.0677
0.817356
0.92504
0.357112
0.388411
0.916914
0.590226
0.991055
0.214658
0.774965
0.399843
0.490955
0.0456053
0.62993
0.963357
0.949647
0.889939
0.817997
0.116469
0.650904
0.147446
1.00824
0.243012
0.543776
0.757924
0.471391
0.598476
0.883388
0.895672
0.238671
0.657835
0.126993
0.0651161
0.79743
0.660016
0.620632
0.760777
0.536482
0.132938
0.444791
1.03897
0.827697
0.548198
0.682849
1.11238
0.190137
0.766654
0.394808
0.676156
0.483863
0.785479
0.5343
0.683692
0.514244
0.298249
0.644584
0.876625
0.504411
0.857708
0.920715
0.769039
0.226978
0.473051
0.481156
0.398474
0.533298
0.519531
0.894459
0.0538227
0.909443
0.672486
0.542443
0.24177
0.741715
0.475146
0.183915
0.430873
0.467782
1.10218
0.280622
0.736296
0.17873
0.702206
0.792729
0.69475
0.828931
0.571785
0.124365
0.213266
0.158809
0.928835
0.979975
0.644193
0.980839
0.598873
0.218862
0.501786
0.757509
0.941885
0.66585
0.747909
0.186403
0.63043
0.583988
0.838023
0.357594
0.743958
0.157812
0.364187
0.50548
0.377745
1.07652
1.01656
0.684382
0.971476
0.519469
0.407989
0.389892
0.819631
0.601593
0.609692
0.811875
0.801583
0.789612
0.758379
0.965015
0.497573
0.300926
0.414311
0.592596
0.355836
0.680731
0.0974931
0.633994
0.254666
0.422534
0.752997
0.745758
0.942086
0.321318
0.182912
0.875152
0.50594
0.54644
0.137617
0.703996
0.588572
0.417715
0.149156
0.717487
0.840423
0.769459
0.130154
1.03893
0.248521
0.432418
0.587583
0.468646
0.645537
0.158021
0.487352
0.382376
0.702448
0.527976
0.995845
0.528054
0.92833
0.175988
0.126594
0.335163
0.254856
0.0575573
0.311731
0.370874
0.920713
0.226036
0.574091
0.144816
0.633181
0.612236
0.540402
0.710084
0.396157
0.282324
0.0454468
0.220626
0.744997
0.800579
0.487075
0.805705
0.470073
0.28469
0.3921
0.646403
0.75855
0.53052
0.614017
0.0945888
0.504425
0.400074
0.677627
0.267314
0.562922
0.101434
0.180276
0.441937
0.219369
0.892617
0.833059
0.532171
0.789109
0.429221
0.249576
0.372238
0.667435
0.476537
0.42801
0.627987
0.648367
0.613585
0.589943
0.781293
0.368611
0.19142
0.34994
0.53776
0.320808
0.496836
0.218772
0.461551
0.0884069
0.348303
0.598114
0.626871
0.758479
0.146685
0.233766
0.739017
0.391995
0.391637
0.204076
0.5201
0.411484
0.32428
0.0683525
0.533579
0.684191
0.661588
0.299783
0.856477
0.0695332
0.383245
0.481759
0.339875
0.531449
0.0269524
0.306033
0.210565
0.527139
0.345168
0.811943
0.458628
0.746276
0.351755
0.0893006
0.239709
0.276634
0.145313
0.076231
0.765464
0.526116
0.67079
0.456405
0.33909
0.470302
0.666732
0.894721
0.470538
0.554093
0.334504
0.326292
0.666422
0.632814
0.243216
0.610097
0.663503
0.593532
0.0813112
0.848693
0.641297
0.703233
0.317293
0.249322
0.697837
0.370892
0.767477
0.0882553
0.559245
0.274449
0.274043
0.179341
0.418774
0.788456
0.760341
0.665657
0.65244
0.131652
0.436502
0.224596
0.783692
0.170887
0.334528
0.558358
0.383916
0.437035
0.660347
0.705377
0.0689556
0.467057
0.129575
0.268092
0.619239
0.448467
0.506315
0.536478
0.346656
0.109082
0.339675
0.818568
0.648632
0.342034
0.542895
0.888044
0.0802672
0.544681
0.333028
0.466817
0.279343
0.585945
0.378897
0.475974
0.425859
0.349993
0.56075
0.716619
0.315749
0.669941
0.708014
0.55674
0.220411
0.31913
0.257943
0.177268
0.357091
0.298445
0.713613
0.183029
0.707022
0.602554
0.395367
0.100239
0.588278
0.373333
0.798543
0.591377
0.74459
0.515285
0.266919
0.515026
0.741978
0.970918
0.545029
0.592146
0.39846
0.34309
0.719164
0.665198
0.268522
0.634297
0.739624
0.64635
0.0457276
0.924863
0.686537
0.779437
0.297831
0.296846
0.773996
0.439759
0.840183
0.1106
0.625715
0.317547
0.349657
0.105305
0.493445
0.833721
0.812477
0.741158
0.692769
0.0589453
0.511883
0.185497
0.857949
0.151462
0.396313
0.615265
0.38627
0.473684
0.732479
0.757862
0.0946507
0.536364
0.0872065
0.191869
0.685453
0.512071
0.550719
0.61021
0.414893
0.0656022
0.348213
0.894796
0.69536
0.415216
0.596423
0.963447
0.0572751
0.620887
0.354229
0.529091
0.337801
0.658102
0.435763
0.537292
0.429717
0.301694
0.595407
0.754732
0.383308
0.739105
0.783311
0.631846
0.1802
0.3744
0.330307
0.253425
0.400197
0.368709
0.761457
0.10691
0.765842
0.633002
0.449555
0.135507
0.646598
0.410742
1.00149
0.630016
1.01197
0.872056
0.310042
0.689864
0.899098
0.616426
1.20039
0.902612
1.06179
0.247613
0.133346
0.530074
0.182459
0.824677
1.15341
0.755067
0.919405
0.178792
0.793242
0.584453
0.930626
0.835384
0.531351
0.629601
0.850115
0.450571
0.961334
0.743605
0.87767
0.802411
0.151416
0.237639
0.704143
0.134862
0.802524
0.784836
0.982912
0.693157
0.670606
0.492726
0.329227
0.458325
0.328677
0.575645
0.239238
0.707907
0.919482
0.883571
0.907692
1.05126
0.444071
1.13262
0.598454
0.872602
0.861195
0.472235
0.87936
0.188178
0.809526
1.11005
0.80898
0.74231
0.7305
1.06015
0.422762
0.517467
0.93772
0.974429
0.409272
0.422256
0.709508
1.21987
0.0731956
0.865158
1.04354
0.911041
0.842006
0.697141
0.945181
0.614944
0.723802
0.412465
0.576052
0.179547
0.860392
0.328691
1.27236
1.00039
0.851625
1.10858
1.05397
0.509042
0.104912
0.856551
0.711509
0.455759
0.553218
0.396067
0.282804
0.193008
0.406206
0.787553
0.897781
0.65745
0.920864
0.334806
0.165436
0.607426
0.47964
0.82589
0.404691
0.806343
0.317491
0.362786
0.474574
0.602844
0.49183
0.578836
0.314375
0.300778
0.667384
0.199132
0.94
0.863205
0.442654
0.866653
0.650262
0.217938
0.594763
0.57216
0.680422
0.533061
0.678919
0.817296
0.733392
0.543914
0.81837
0.574542
0.0827992
0.575833
0.763421
0.0948246
0.557423
0.220843
0.44003
0.181973
0.573519
0.766507
0.471074
0.820875
0.215749
0.140458
0.609208
0.605399
0.320426
0.384852
0.578893
0.541562
0.141135
0.175409
0.592495
0.847257
0.871137
0.312054
0.930954
0.21115
0.161049
0.31018
0.215182
0.740422
0.232527
0.428842
0.383366
0.654513
0.450311
0.861658
0.68333
0.761239
0.361195
0.178208
0.464127
0.108934
0.290624
0.575266
0.975293
0.45342
0.0651115
0.288764
0.201298
0.782023
0.532488
0.790671
0.382484
0.579028
0.603329
0.638255
0.215269
0.673596
0.726875
0.292494
0.460192
0.166996
0.772707
0.644992
0.214899
0.31897
0.10383
0.707423
0.20256
0.66618
0.43362
0.849633
0.359053
0.516611
0.4225
0.0809183
0.512561
0.790528
0.328576
0.864326
0.114751
0.726638
0.390588
0.325919
0.704028
0.515851
0.0545678
0.396725
0.666502
0.44828
0.789871
0.932671
0.513601
0.29736
0.713441
0.13438
0.488065
0.773629
0.666727
0.251886
0.446393
0.428093
0.647849
0.234191
0.716406
0.191852
0.776329
0.299023
0.448911
0.389389
0.587611
0.303663
0.708472
0.894576
0.809674
0.558178
0.50511
0.475107
0.297724
0.295833
0.790838
0.59988
0.414787
0.505602
0.489604
0.380757
0.454415
0.850165
0.313372
0.862103
0.609748
0.688317
0.612089
0.714214
0.775869
0.710651
0.528299
0.650393
0.432452
0.207962
0.128606
0.301971
0.813768
0.899675
0.618649
0.913985
0.422724
0.148791
0.536898
0.57878
0.841318
0.490888
0.75444
0.226466
0.453417
0.480748
0.674204
0.41003
0.613607
0.217994
0.276318
0.582477
0.227672
0.965405
0.895568
0.516724
0.877701
0.573392
0.25508
0.498953
0.650457
0.619737
0.526478
0.70008
0.78041
0.722628
0.603432
0.847305
0.511953
0.128067
0.489407
0.677442
0.191958
0.572094
0.138375
0.487109
0.142941
0.489675
0.729656
0.56734
0.838521
0.202513
0.100157
0.699193
0.53667
0.383418
0.28044
0.594825
0.522877
0.239014
0.0806761
0.608638
0.813993
0.806071
0.234809
0.943934
0.160642
0.264205
0.408854
0.294442
0.675737
0.142389
0.410729
0.338534
0.638996
0.441404
0.885401
0.600376
0.799098
0.287917
0.0758671
0.382679
0.131874
0.185717
0.649817
0.982245
1.22121
0.783135
0.824073
0.663582
0.554434
0.865555
0.745874
0.397959
0.690514
0.996528
0.898912
0.262392
1.18037
0.808887
1.03083
0.287621
0.551318
1.03016
0.657475
1.0634
0.365973
0.826263
0.566717
0.611528
0.197109
0.757416
0.948006
0.952353
0.98354
0.798032
0.208283
0.77404
0.325229
1.09004
0.251799
0.594486
0.78184
0.413744
0.588624
0.954478
0.901439
0.315743
0.803213
0.290122
0.115109
0.95101
0.707603
0.793476
0.842811
0.681623
0.286746
0.406048
1.14825
0.822225
0.681075
0.850454
1.20319
0.269453
0.873309
0.571604
0.719091
0.532914
0.924657
0.695378
0.723556
0.450846
0.173357
0.821536
0.848322
0.649922
1.00586
1.04532
0.894644
0.194359
0.633571
0.566096
0.513105
0.544738
0.595179
0.888433
0.176319
0.932129
0.850345
0.706396
0.3935
0.905606
0.648412
0.496232
0.74208
0.35655
0.89328
0.596399
0.753518
0.215746
0.189219
0.258787
0.211917
0.599113
0.855554
0.475452
0.737661
0.171569
0.589285
0.381642
0.620675
0.619443
0.237605
0.502588
0.550747
0.252026
0.651358
0.437535
0.60649
0.514049
0.318851
0.304346
0.506601
0.184592
0.531393
0.501497
0.693633
0.55294
0.411892
0.185035
0.14924
0.277545
0.0701219
0.408302
0.252068
0.420735
0.62871
0.59535
0.655889
0.772086
0.174338
0.826462
0.36639
0.569029
0.573205
0.257164
0.697379
0.180575
0.508707
0.810088
0.679114
0.462328
0.482457
0.751149
0.162099
0.20795
0.668916
0.668013
0.153514
0.26883
0.516954
0.911909
0.251175
0.559102
0.776975
0.681472
0.580671
0.45718
0.636262
0.30622
0.413785
0.114867
0.269865
0.247136
0.593709
0.287847
0.963976
0.693786
0.549237
0.815507
0.744044
0.251857
0.199122
0.733054
0.497136
0.759796
0.442917
0.632835
0.623162
0.688816
0.150491
0.618853
0.728061
0.241621
0.517459
0.103698
0.794965
0.617019
0.15008
0.334553
0.147091
0.695635
0.251287
0.636085
0.414788
0.846061
0.321627
0.579941
0.486487
0.0158347
0.569349
0.790884
0.291127
0.849875
0.12712
0.737333
0.411444
0.377906
0.734868
0.555152
0.117932
0.459012
0.669161
0.400324
0.780776
0.932448
0.454027
0.331052
0.665572
0.144416
0.452681
0.765867
0.694826
0.201204
0.504435
0.397086
0.595727
0.22166
0.718348
0.149212
0.744243
0.336681
0.466211
0.330578
0.547479
0.34338
0.742684
0.912141
0.761251
0.617498
0.472759
0.412391
0.232625
0.240709
0.802746
0.565307
0.416573
0.495394
0.520276
0.388105
0.515967
0.848577
0.37711
0.812927
0.568318
0.674759
0.556215
0.676621
0.443416
0.831692
0.664638
0.928102
0.653918
0.86212
0.873264
0.924516
0.240953
0.691123
0.9622
0.0785442
0.73853
0.191505
1.04562
0.798861
0.206065
0.584522
0.270191
0.910641
0.4912
0.811321
0.626691
1.07234
0.500093
0.769758
0.672924
0.245626
0.791265
1.0233
0.473802
1.05684
0.205992
0.981272
0.662558
0.612527
0.986621
0.803685
0.337014
0.660085
0.90572
0.53165
0.998975
1.16278
0.506686
0.581686
0.773546
0.395655
0.623446
0.986562
0.946673
0.0835871
0.723222
0.584347
0.686007
0.109355
0.953514
0.35005
0.909401
0.585704
0.715906
0.41247
0.695614
0.591267
0.993756
1.16037
0.861273
0.829957
0.650657
0.436795
0.243189
0.370244
1.04734
0.730849
0.6563
0.718233
0.771946
0.63298
0.719718
1.07774
0.571056
0.906652
0.710236
0.886982
0.626178
0.826428
0.638624
0.359443
0.604151
0.392251
0.527263
0.431641
0.566472
0.250704
0.557736
0.529559
0.415288
0.437994
0.260162
0.604532
0.456073
0.276752
0.145571
0.301738
0.506263
0.183047
0.480023
0.237672
0.649732
0.205093
0.544525
0.467347
0.200759
0.483125
0.592691
0.180011
0.663573
0.313193
0.53905
0.226045
0.287987
0.557156
0.401449
0.200683
0.422379
0.470275
0.318428
0.588604
0.734559
0.435986
0.183176
0.56817
0.0694817
0.317122
0.572496
0.513159
0.378347
0.430841
0.250984
0.521203
0.420453
0.519644
0.126702
0.59182
0.199898
0.274387
0.321423
0.423804
0.212016
0.571225
0.717007
0.663716
0.544069
0.32689
0.427996
0.328377
0.227361
0.604785
0.422973
0.217566
0.30441
0.347617
0.18989
0.467044
0.651211
0.367381
0.717594
0.44853
0.487532
0.504997
0.540916
0.297929
0.272737
1.01355
1.08207
0.761229
1.08802
0.617574
0.151693
0.625917
0.756037
1.03463
0.687356
0.870613
0.306788
0.645468
0.673316
0.879701
0.481921
0.818127
0.279832
0.456802
0.627909
0.434804
1.16394
1.09782
0.720833
1.06764
0.643698
0.462783
0.507077
0.852797
0.724959
0.70845
0.898083
0.920323
0.895909
0.811229
1.04823
0.620109
0.333744
0.537583
0.713165
0.329494
0.768005
0.0704723
0.694752
0.331167
0.546405
0.8711
0.750858
1.03328
0.397648
0.14569
0.891738
0.629872
0.590273
0.253667
0.791124
0.693804
0.422862
0.226126
0.80487
0.958258
0.893824
0.0295847
1.13473
0.335394
0.405659
0.588872
0.494867
0.769719
0.260446
0.587253
0.491295
0.809423
0.624406
1.08345
0.650924
1.00379
0.0800974
0.200086
0.459269
0.210773
0.181585
0.265513
0.718651
0.785506
0.490405
0.794891
0.424654
0.276257
0.415736
0.601081
0.736922
0.485346
0.626464
0.137847
0.458987
0.375987
0.635744
0.299476
0.530761
0.146803
0.159061
0.475495
0.175573
0.867894
0.805066
0.488557
0.76972
0.457314
0.206014
0.413421
0.624023
0.493786
0.411372
0.602299
0.652191
0.602766
0.550208
0.754204
0.38647
0.149001
0.384977
0.571736
0.287446
0.471553
0.230134
0.423235
0.0445086
0.381517
0.601495
0.58143
0.735883
0.108467
0.226139
0.694058
0.414358
0.348087
0.24844
0.494773
0.401182
0.281324
0.0718247
0.508438
0.686241
0.682242
0.318563
0.836797
0.0374669
0.34576
0.436853
0.294433
0.551542
0.068309
0.291426
0.210333
0.517545
0.326879
0.787261
0.490816
0.715381
0.371923
0.097843
0.27179
0.258069
0.182489
0.918217
0.932977
0.563116
0.921592
0.689243
0.376065
0.383481
0.862142
0.91565
0.75079
0.63786
0.148521
0.72322
0.576962
0.894484
0.240711
0.756895
0.124577
0.369789
0.360571
0.439735
1.05801
1.01029
0.752014
0.93763
0.387326
0.469735
0.234376
0.886914
0.489433
0.581435
0.801539
0.710059
0.736665
0.802615
0.956325
0.395192
0.399592
0.274862
0.441959
0.492878
0.672998
0.256221
0.672092
0.309029
0.287681
0.664948
0.844617
0.918913
0.363113
0.336001
0.959565
0.390521
0.611553
0.0221227
0.6956
0.545743
0.529775
0.236416
0.708088
0.751688
0.639374
0.267627
1.00461
0.287049
0.566168
0.69469
0.558176
0.523131
0.197799
0.464009
0.345253
0.650374
0.509622
0.978468
0.384816
0.933821
0.296616
0.228325
0.226271
0.40515
0.119654
0.221444
0.472807
0.295656
0.580892
0.946936
0.682377
0.672012
0.0918401
0.546504
0.594106
0.77517
0.589785
0.34548
0.386258
0.73995
0.21327
0.804527
0.564935
0.815178
0.591834
0.152459
0.0940295
0.457427
0.142145
0.740992
0.569915
0.890934
0.448553
0.62604
0.340108
0.117325
0.481715
0.27951
0.328065
0.0389967
0.624584
0.708166
0.79496
0.86937
0.82677
0.248328
0.943644
0.362073
0.682548
0.773363
0.468861
0.631884
0.0740334
0.615909
0.907612
0.567895
0.669313
0.495444
0.912145
0.225106
0.388152
0.708197
0.789285
0.211844
0.463601
0.729608
1.03609
0.176502
0.681824
0.811196
0.66722
0.610277
0.672819
0.771277
0.454209
0.573314
0.325519
0.408801
0.0757701
0.804089
0.0943782
1.08984
0.815279
0.733797
0.89635
0.887112
0.396729
0.0782256
0.755041
1.04408
0.621734
0.871446
0.129651
0.733369
0.458715
0.804889
0.770466
0.423267
0.600159
0.717981
0.382454
0.835693
0.626716
0.7448
0.699248
0.216038
0.262477
0.645655
0.0818378
0.669551
0.684703
0.849626
0.6598
0.538189
0.374206
0.255194
0.333185
0.197
0.526894
0.234936
0.574702
0.815069
0.750287
0.776881
0.954618
0.345995
1.01551
0.521956
0.758217
0.727913
0.342327
0.830799
0.147438
0.697524
0.998965
0.782638
0.60897
0.648792
0.932126
0.327533
0.391939
0.846752
0.85706
0.315247
0.300765
0.587773
1.10036
0.104683
0.748242
0.954286
0.840334
0.754563
0.566907
0.824255
0.494823
0.598951
0.282604
0.459083
0.187635
0.727836
0.315694
1.15216
0.882786
0.720207
1.00285
0.930227
0.367887
0.674779
0.766647
0.225082
0.846733
0.427129
0.691698
0.172926
0.458109
0.70433
0.288787
0.681726
0.331197
0.434652
0.487795
0.357226
0.351316
0.489817
0.57281
0.562969
0.627927
0.427864
0.275751
0.492878
0.453401
0.716607
0.153259
0.212801
0.384033
0.161786
0.208086
0.574188
0.510076
0.179912
0.581025
0.354146
0.397105
0.739691
0.316784
0.703401
0.478799
0.48124
0.331812
0.111164
0.809987
0.437998
0.442729
0.716355
0.837059
0.212268
0.545646
0.5668
0.325358
0.157429
0.668198
0.553846
0.328387
0.197303
0.291627
0.773166
0.487963
0.458516
0.769993
0.741951
0.605227
0.203606
0.504312
0.243588
0.280122
0.1479
0.248284
0.504881
0.336747
0.534868
0.820067
0.57634
0.338918
0.744307
0.588525
0.803505
1.06076
0.589497
0.929491
0.204162
0.787037
0.403156
0.8008
0.821308
0.44877
0.666883
0.697335
0.437585
0.831571
0.638072
0.70645
0.724606
0.290996
0.34069
0.700825
0.159455
0.632268
0.712941
0.819785
0.724769
0.498303
0.388758
0.312364
0.277213
0.192219
0.587704
0.311833
0.547788
0.838132
0.720914
0.730345
0.983487
0.383302
1.02335
0.569444
0.771235
0.698697
0.295626
0.888835
0.222322
0.713924
1.01401
0.849041
0.577187
0.691208
0.92259
0.367868
0.394316
0.880807
0.865541
0.357042
0.240037
0.527069
1.1046
0.176757
0.758207
0.988855
0.887523
0.79197
0.519487
0.828039
0.503863
0.598526
0.278689
0.473316
0.265818
0.687712
0.389992
1.15523
0.89078
0.702496
1.02337
0.928888
0.490232
0.734855
0.18553
0.648198
0.0702412
0.847153
0.558049
0.0351446
0.395219
0.286715
0.673274
0.375296
0.57106
0.391226
0.83879
0.259418
0.723478
0.632018
0.134682
0.6985
0.794018
0.233937
0.816999
0.244032
0.765346
0.475694
0.501472
0.806984
0.649355
0.265881
0.600703
0.681242
0.298104
0.762223
0.93114
0.314924
0.425245
0.554027
0.234062
0.382898
0.750847
0.762007
0.159008
0.636901
0.343816
0.474375
0.276485
0.727164
0.129134
0.67106
0.43736
0.51968
0.19728
0.459762
0.447192
0.821863
0.951633
0.646751
0.751598
0.409771
0.265356
0.0863855
0.131558
0.831794
0.49154
0.440756
0.486236
0.598318
0.426774
0.655671
0.84584
0.522505
0.695924
0.476337
0.648911
0.425558
0.59129
0.67234
0.614071
0.980291
0.560447
0.898652
0.349765
0.514825
0.622435
0.765707
0.537351
0.740778
0.332238
0.424262
0.702386
0.355107
1.0993
1.02496
0.605276
1.01869
0.702873
0.377864
0.600468
0.731968
0.760659
0.672401
0.83584
0.928433
0.869933
0.709253
0.978865
0.652761
0.239323
0.608932
0.794416
0.184503
0.710651
0.122961
0.604521
0.291114
0.612712
0.877749
0.612329
0.976417
0.347053
0.0509241
0.758466
0.673425
0.485806
0.354251
0.732881
0.67103
0.292997
0.216341
0.746646
0.962421
0.943209
0.179907
1.0842
0.30935
0.257997
0.450696
0.378316
0.813936
0.27445
0.558491
0.48659
0.786942
0.587527
1.02014
0.722618
0.92445
0.218166
0.198179
0.511113
0.0653032
0.259849
0.919241
0.646655
0.771135
0.25487
0.325089
0.768723
0.416032
0.820173
0.145174
0.5985
0.34815
0.349285
0.133456
0.495572
0.793596
0.775213
0.728183
0.651256
0.0640315
0.511717
0.230607
0.841025
0.107107
0.366556
0.581001
0.340625
0.43169
0.711756
0.720867
0.0617504
0.547843
0.13286
0.206025
0.700499
0.482867
0.581407
0.592752
0.427774
0.111329
0.302519
0.887844
0.656015
0.420921
0.621904
0.949709
0.0131251
0.61298
0.39343
0.498758
0.306407
0.66526
0.458764
0.506214
0.384045
0.271033
0.630619
0.712498
0.396978
0.750657
0.782939
0.632364
0.143847
0.39837
0.312377
0.250737
0.360629
0.347324
0.722419
0.126522
0.732321
0.669899
0.474402
0.166649
0.668734
0.444356
0.752216
0.155144
1.01966
0.737128
0.150887
0.560149
0.301464
0.858517
0.492026
0.747836
0.576752
1.0243
0.442846
0.797539
0.701126
0.231112
0.804723
0.978908
0.418614
1.00072
0.237197
0.94579
0.64004
0.617597
0.969189
0.795541
0.345541
0.682513
0.864724
0.463376
0.94757
1.11649
0.429568
0.570253
0.699123
0.377599
0.561309
0.936335
0.926858
0.0406701
0.738025
0.527247
0.610379
0.17403
0.911269
0.307626
0.842898
0.577312
0.689637
0.339878
0.627695
0.584512
0.979672
1.12929
0.78562
0.848435
0.589802
0.358778
0.16993
0.307711
1.0122
0.665995
0.620046
0.671438
0.755893
0.6014
0.741515
1.0312
0.59525
0.830303
0.641053
0.833948
0.54932
0.757568
0.620002
0.52927
0.777793
0.660377
0.36152
0.473516
0.720495
0.273073
0.80804
0.579
0.777042
0.627182
0.147301
0.149173
0.531171
0.0527364
0.701723
0.608467
0.865002
0.534455
0.579012
0.335202
0.150443
0.410678
0.221459
0.40668
0.109761
0.592294
0.744404
0.766853
0.823064
0.873395
0.269665
0.965807
0.420077
0.704383
0.74473
0.404884
0.711742
0.018225
0.639668
0.93818
0.655833
0.633536
0.551806
0.911742
0.24745
0.37189
0.759119
0.808598
0.233717
0.387692
0.66386
1.05543
0.106083
0.699518
0.864791
0.734432
0.663236
0.619622
0.783935
0.456445
0.571552
0.286341
0.414089
0.0796184
0.763556
0.186185
1.10858
0.83468
0.717726
0.933637
0.896417
0.864617
0.61585
0.0519646
0.405039
0.223087
0.72
0.350929
0.63065
0.43576
0.880857
0.314603
0.683355
0.589483
0.0891037
0.671613
0.831992
0.286683
0.867898
0.175691
0.793156
0.48502
0.478176
0.814677
0.644712
0.22105
0.562679
0.715141
0.364956
0.808045
0.9713
0.38428
0.418885
0.623339
0.224855
0.442444
0.795365
0.771976
0.118715
0.607307
0.397796
0.544461
0.209794
0.762612
0.158552
0.733217
0.427605
0.534535
0.267518
0.524533
0.435777
0.825993
0.975192
0.71647
0.720742
0.467617
0.331577
0.135985
0.197206
0.859456
0.55305
0.467444
0.526739
0.601971
0.447055
0.619662
0.886249
0.480279
0.765875
0.542129
0.696709
0.495727
0.656073
0.564302
0.876989
0.46114
0.846894
0.397726
0.595164
0.590789
0.512087
0.333133
0.652202
0.664137
0.67615
0.80011
0.513973
0.269112
0.658201
0.468788
0.884915
0.148446
0.38361
0.525165
0.126129
0.314709
0.740817
0.627803
0.250509
0.734357
0.379869
0.334576
0.89323
0.480257
0.820258
0.650551
0.625412
0.360771
0.125258
0.982874
0.543844
0.596492
0.847736
1.00685
0.247344
0.718037
0.646974
0.485388
0.3302
0.831043
0.682362
0.486072
0.164486
0.135515
0.877913
0.56181
0.598939
0.929678
0.912938
0.773459
0.130858
0.626392
0.411497
0.422989
0.29305
0.420385
0.608771
0.30982
0.669431
0.919793
0.701993
0.415825
0.884454
0.690416
0.592809
0.431507
0.748803
0.187602
0.608996
0.0308246
0.221302
0.356529
0.301425
0.917763
0.866341
0.610111
0.803025
0.353109
0.330303
0.278091
0.743979
0.419911
0.442596
0.658024
0.615182
0.611253
0.655192
0.812862
0.313876
0.285907
0.263199
0.451102
0.411703
0.528256
0.256996
0.524341
0.175821
0.264578
0.566628
0.716088
0.779909
0.220388
0.300229
0.822431
0.32747
0.470377
0.138468
0.551131
0.41333
0.418692
0.145919
0.56393
0.654075
0.595949
0.316185
0.870423
0.148372
0.476492
0.574237
0.42958
0.468381
0.0852134
0.322126
0.206996
0.52398
0.366614
0.837637
0.375208
0.787257
0.362025
0.155096
0.161419
0.354485
0.13043
0.422141
0.275052
0.708285
0.388694
0.60553
0.425959
0.873448
0.294531
0.72933
0.636361
0.134529
0.711385
0.828161
0.269073
0.852144
0.226628
0.797651
0.502679
0.515759
0.833897
0.671786
0.26795
0.60763
0.714688
0.330166
0.797191
0.965603
0.336111
0.446541
0.583008
0.253071
0.417488
0.785717
0.7896
0.12388
0.648364
0.378942
0.501319
0.246509
0.760896
0.159647
0.704871
0.457352
0.548439
0.223094
0.49274
0.466539
0.847617
0.983072
0.674791
0.762544
0.444592
0.280831
0.0842848
0.165082
0.864103
0.525628
0.472477
0.520574
0.623662
0.456861
0.663782
0.880315
0.526897
0.723236
0.508775
0.683975
0.449758
0.624153
0.406273
0.426168
0.190241
0.460306
0.219804
0.544727
0.276521
0.492586
0.435305
0.33914
0.396958
0.480056
0.264188
0.584695
0.43357
0.407814
0.0805418
0.228214
0.411839
0.268776
0.297362
0.382439
0.354471
0.391829
0.498072
0.621651
0.534718
0.0972111
0.60433
0.190407
0.342864
0.479053
0.36759
0.522612
0.359976
0.278505
0.578704
0.550756
0.40464
0.268039
0.569468
0.120384
0.131658
0.434604
0.44747
0.133676
0.427149
0.577821
0.694528
0.463245
0.33871
0.542563
0.469911
0.351407
0.471868
0.426153
0.119066
0.23681
0.205131
0.0736653
0.411907
0.541912
0.357391
0.747905
0.47356
0.413592
0.579706
0.541638
0.807624
0.254641
0.770002
0.536569
0.94546
0.461617
0.499818
0.402992
0.160433
0.526033
0.884116
0.431056
0.965257
0.064905
0.812719
0.471348
0.360517
0.767958
0.569676
0.108935
0.390388
0.759108
0.546461
0.88873
1.0262
0.59844
0.366638
0.811877
0.232847
0.591275
0.871895
0.734748
0.264503
0.457409
0.531805
0.74281
0.182479
0.809248
0.291811
0.880082
0.362683
0.531924
0.476039
0.689728
0.363926
0.767449
0.973155
0.90776
0.561305
0.608755
0.552071
0.358791
0.387748
0.875477
0.703309
0.509903
0.605827
0.556893
0.472849
0.450074
0.944797
0.301113
0.959645
0.71143
0.789225
0.702785
0.817132
0.616409
0.207158
0.284349
0.176218
0.417647
0.86711
0.833966
0.692626
0.734324
0.165578
0.440109
0.159034
0.81742
0.249323
0.402128
0.628606
0.471134
0.521439
0.703198
0.778938
0.155951
0.443677
0.089454
0.272541
0.58657
0.511622
0.440164
0.574783
0.322076
0.0823129
0.427576
0.831402
0.726843
0.334806
0.487807
0.914352
0.150862
0.562895
0.24925
0.531606
0.351985
0.570824
0.329689
0.541917
0.513394
0.41214
0.485846
0.799359
0.289998
0.644553
0.707955
0.556547
0.288316
0.267913
0.307819
0.201854
0.43934
0.352507
0.790788
0.191511
0.774162
0.524731
0.341826
0.0277034
0.540336
0.300395
0.636065
0.38866
0.729786
0.387303
0.364111
0.284377
0.263589
0.32321
0.662081
0.362984
0.774889
0.301491
0.574514
0.233369
0.127285
0.51332
0.316818
0.156293
0.240753
0.536793
0.501463
0.687393
0.801913
0.614203
0.118683
0.747686
0.149094
0.490915
0.667964
0.480717
0.451393
0.262404
0.423582
0.703882
0.427558
0.586453
0.282393
0.747393
0.109872
0.295008
0.494992
0.598634
0.109614
0.513326
0.724121
0.842379
0.377376
0.495647
0.598
0.461442
0.397007
0.634198
0.589834
0.308989
0.424489
0.30325
0.263903
0.288988
0.725019
0.185664
0.896339
0.624084
0.603607
0.687764
0.708041
0.247581
0.370467
0.317447
0.947646
0.89542
0.628623
0.833564
0.372437
0.347045
0.281156
0.76319
0.445332
0.472878
0.687306
0.644178
0.642075
0.678119
0.842097
0.340294
0.29076
0.276924
0.463572
0.407332
0.557239
0.233396
0.547729
0.188317
0.280518
0.595885
0.728173
0.810013
0.239052
0.283829
0.838445
0.351291
0.488351
0.111954
0.580189
0.44409
0.423518
0.139348
0.593078
0.683372
0.618275
0.287931
0.900978
0.163926
0.474905
0.582947
0.441185
0.491896
0.0842001
0.352069
0.237613
0.554803
0.396254
0.867441
0.390405
0.815305
0.332773
0.143434
0.182326
0.342024
0.101002
0.447602
0.147023
0.712342
0.6536
0.410614
0.610922
0.405552
0.162578
0.435513
0.539272
0.398942
0.25251
0.447824
0.516545
0.446426
0.438262
0.601455
0.301543
0.223888
0.372306
0.540485
0.382776
0.316667
0.389186
0.306925
0.133378
0.36003
0.46578
0.548252
0.578552
0.0855044
0.376472
0.631189
0.343158
0.278588
0.359254
0.339923
0.246779
0.322487
0.230848
0.353364
0.546654
0.591548
0.476742
0.678096
0.121654
0.417885
0.434069
0.283117
0.463461
0.206376
0.134421
0.0988319
0.362726
0.16784
0.631668
0.455189
0.569382
0.529692
0.256789
0.26167
0.392985
0.322615
0.587951
0.923487
0.907724
0.844902
0.77918
0.0755714
0.608304
0.144132
0.962807
0.208161
0.49899
0.714446
0.441958
0.559394
0.837783
0.853548
0.194041
0.619778
0.0935584
0.0963248
0.762193
0.61515
0.596373
0.715262
0.498064
0.0939839
0.412161
0.995197
0.786988
0.506965
0.65429
1.06732
0.146333
0.722387
0.376701
0.631516
0.439371
0.746074
0.501803
0.639223
0.485295
0.291134
0.62633
0.838779
0.465997
0.820764
0.878735
0.727016
0.202364
0.440144
0.435565
0.35413
0.49198
0.473946
0.853625
0.0259183
0.865776
0.657184
0.511484
0.203817
0.710957
0.451376
0.744196
0.670748
0.312988
0.66756
0.550408
0.0305921
0.557926
0.448458
0.544978
0.339576
0.481187
0.643644
0.539809
0.380991
0.623965
0.448566
0.117223
0.507069
0.682457
0.260427
0.35835
0.364507
0.26014
0.131205
0.497322
0.593771
0.418411
0.622546
0.0844563
0.316674
0.521178
0.489802
0.172518
0.423444
0.379949
0.356531
0.178867
0.22874
0.393595
0.669361
0.737268
0.460612
0.732027
0.153615
0.280688
0.290806
0.139109
0.609942
0.24383
0.24827
0.245765
0.464642
0.260413
0.6651
0.597453
0.572334
0.514287
0.251498
0.392313
0.306454
0.355614
0.0968361
0.595144
0.150176
0.848058
0.722372
1.01227
0.564561
0.723647
0.476584
0.265863
0.541238
0.365423
0.462317
0.124003
0.739542
0.860605
0.914153
0.967252
0.978289
0.396345
1.09426
0.511836
0.832779
0.892031
0.542045
0.758498
0.140339
0.766517
1.05973
0.674205
0.780485
0.644956
1.05323
0.373121
0.517084
0.85884
0.938956
0.359466
0.512646
0.796658
1.18602
0.114872
0.830814
0.960738
0.809288
0.760537
0.761549
0.91859
0.595637
0.712935
0.433555
0.551578
0.080679
0.909536
0.203444
1.23963
0.965009
0.863757
1.04881
1.03318
0.501884
0.182037
0.833249
0.647101
0.984882
0.467751
0.716173
0.433746
0.208813
0.559231
0.363864
0.368577
0.0550334
0.71785
0.785646
0.888758
0.960032
0.896209
0.338204
1.0276
0.428098
0.76766
0.867112
0.551165
0.662242
0.133049
0.700561
0.987407
0.577731
0.762126
0.559952
1.00378
0.315233
0.482181
0.774962
0.874999
0.302424
0.536855
0.811233
1.12108
0.181401
0.768623
0.874776
0.717317
0.676247
0.760869
0.859562
0.546433
0.665845
0.416687
0.500673
0.0749554
0.896147
0.109542
1.17496
0.900862
0.827703
0.97213
0.976195
0.582918
0.790734
0.282623
0.846055
0.135662
0.73975
0.416932
0.390551
0.742128
0.56462
0.133422
0.473968
0.669719
0.38867
0.77833
0.932034
0.439344
0.339784
0.653659
0.150114
0.444182
0.763763
0.701472
0.19101
0.51834
0.389861
0.582806
0.222463
0.718665
0.140534
0.736176
0.34627
0.470694
0.316172
0.53761
0.3534
0.750743
0.916058
0.74915
0.631665
0.464993
0.396976
0.216857
0.227479
0.805387
0.556816
0.4175
0.493135
0.527782
0.390486
0.530722
0.847899
0.392459
0.800621
0.558097
0.671343
0.542391
0.667249
0.703612
0.650126
0.874234
0.587127
0.576721
0.361933
0.198099
0.391413
0.219818
0.459183
0.153191
0.599555
0.784622
0.77531
0.819523
0.917099
0.309233
0.999485
0.468772
0.738903
0.753007
0.392003
0.764223
0.0687555
0.675359
0.975538
0.708274
0.638216
0.5995
0.934849
0.28804
0.391891
0.804547
0.84154
0.274612
0.364011
0.646711
1.0876
0.0674908
0.732253
0.910881
0.784598
0.709567
0.612548
0.813959
0.484248
0.59606
0.295367
0.443963
0.107114
0.764212
0.235643
1.14036
0.867559
0.733481
0.973719
0.924389
0.568078
0.199713
0.904567
0.134735
0.429709
0.641743
0.371281
0.483833
0.77574
0.779233
0.125657
0.595205
0.11477
0.142161
0.744376
0.54604
0.604798
0.656325
0.473792
0.0996585
0.339094
0.948141
0.711811
0.473082
0.653213
1.01254
0.075655
0.673582
0.400356
0.561552
0.369144
0.716421
0.4936
0.568718
0.414849
0.252153
0.645539
0.763243
0.442233
0.797982
0.839595
0.688376
0.141586
0.432057
0.375843
0.308095
0.417066
0.41128
0.778506
0.063606
0.793368
0.681112
0.506787
0.191853
0.704473
0.462992
0.583173
0.418018
0.556122
0.331752
0.461023
0.643756
0.530798
0.351186
0.601251
0.462559
0.138557
0.529337
0.702078
0.270589
0.341143
0.392663
0.23203
0.161584
0.518758
0.594441
0.392821
0.603149
0.111113
0.341346
0.492135
0.505339
0.142103
0.453629
0.362089
0.353818
0.176737
0.25909
0.375565
0.667803
0.747647
0.488957
0.713832
0.183119
0.28255
0.271517
0.120702
0.62169
0.274224
0.249507
0.261001
0.458409
0.256173
0.643814
0.616868
0.547268
0.542488
0.281613
0.415357
0.326522
0.386204
0.973114
0.330659
0.556721
0.782045
0.568162
0.656419
0.861529
0.929901
0.275226
0.56242
0.0993403
0.210629
0.688285
0.668402
0.48568
0.732463
0.446032
0.121718
0.532387
0.975965
0.872725
0.473489
0.555791
1.06658
0.242689
0.712955
0.253665
0.687797
0.503335
0.694493
0.420403
0.697625
0.611783
0.435265
0.50156
0.937315
0.415109
0.754448
0.843611
0.694379
0.340016
0.362356
0.466679
0.359664
0.579541
0.51104
0.937958
0.170044
0.929549
0.527041
0.423712
0.176042
0.619418
0.341222
0.84132
0.504141
0.415214
0.812093
0.618308
0.146061
0.454099
0.780843
0.522449
0.901126
1.04666
0.558924
0.406501
0.786512
0.248278
0.579603
0.885391
0.776523
0.201052
0.518739
0.524172
0.712617
0.126177
0.830671
0.27594
0.871327
0.405551
0.563047
0.439458
0.673178
0.408498
0.814143
1.00811
0.881423
0.624271
0.599875
0.507226
0.308094
0.357939
0.90541
0.692242
0.528724
0.616021
0.598721
0.495374
0.51374
0.963836
0.365078
0.93225
0.693483
0.797422
0.66789
0.80291
0.342795
0.535071
0.237564
0.358233
0.703886
0.663335
0.10793
0.613713
0.236564
0.244153
0.770774
0.455879
0.676793
0.595648
0.498467
0.21616
0.204377
0.911662
0.590406
0.479227
0.709799
0.956876
0.0989668
0.638434
0.498557
0.467738
0.281337
0.721378
0.544655
0.4726
0.281192
0.192713
0.731321
0.634235
0.469752
0.814134
0.822366
0.67572
0.0664531
0.486539
0.325797
0.302485
0.300807
0.349285
0.657303
0.189833
0.686551
0.772347
0.562731
0.267954
0.751161
0.544038
0.226657
0.331313
0.200491
0.362993
0.378903
0.30511
0.450554
0.464086
0.568797
0.599978
0.116332
0.641457
0.267066
0.384373
0.443478
0.287161
0.602205
0.337673
0.325372
0.626223
0.624258
0.35425
0.348182
0.576909
0.132797
0.0617467
0.506236
0.483012
0.141477
0.347263
0.504021
0.7274
0.429419
0.374068
0.613551
0.549725
0.427268
0.404436
0.45247
0.122347
0.236548
0.127699
0.08509
0.397228
0.49297
0.372846
0.779718
0.508814
0.394441
0.634683
0.5625
0.426221
0.219295
0.275533
0.154861
0.521392
0.59823
0.687722
0.774991
0.723827
0.131158
0.828401
0.270689
0.566921
0.666558
0.402644
0.576927
0.142872
0.500673
0.795221
0.540781
0.568117
0.401639
0.795198
0.107901
0.279033
0.608809
0.673217
0.0945431
0.417955
0.659384
0.92023
0.256456
0.565325
0.714357
0.587316
0.512795
0.587506
0.654196
0.337625
0.457041
0.237449
0.291932
0.185466
0.7053
0.151854
0.973879
0.699255
0.621078
0.787241
0.769849
0.207564
0.666104
0.513285
0.315265
0.739628
0.472905
0.455749
0.897643
0.406668
0.863786
0.592448
0.642512
0.451803
0.0508751
0.930615
0.426209
0.601858
0.87813
0.936939
0.33006
0.679131
0.715961
0.406555
0.292036
0.82036
0.715391
0.404218
0.0436274
0.255479
0.931225
0.436827
0.620186
0.924314
0.879953
0.750881
0.245875
0.66503
0.395374
0.441897
0.214759
0.390035
0.489542
0.42084
0.562772
0.97695
0.737665
0.483788
0.90568
0.745178
0.472806
0.313899
0.381234
0.650971
0.557208
0.602005
0.800078
0.225838
0.831132
0.42006
0.579743
0.534848
0.189553
0.755612
0.23394
0.523691
0.82274
0.744348
0.418683
0.528144
0.736322
0.218474
0.202126
0.703233
0.673339
0.212418
0.1992
0.450224
0.912699
0.281069
0.566165
0.811092
0.729516
0.619505
0.398282
0.63609
0.312053
0.407261
0.087304
0.283527
0.300557
0.544665
0.356248
0.963562
0.698563
0.52326
0.834179
0.738327
0.342177
0.650573
0.478406
0.782899
0.917751
0.55537
0.261167
0.741786
0.13134
0.506278
0.765627
0.630958
0.305063
0.392607
0.443262
0.680806
0.271686
0.700736
0.223508
0.789438
0.259549
0.423293
0.430932
0.609225
0.26245
0.668138
0.86579
0.838233
0.503943
0.520442
0.521152
0.349851
0.334618
0.766813
0.616319
0.402457
0.501884
0.453049
0.364486
0.399851
0.836685
0.25926
0.891279
0.632416
0.685719
0.649213
0.732689
0.663258
0.739742
0.833865
0.90693
0.854888
0.285229
0.978168
0.38794
0.717507
0.812247
0.502574
0.642828
0.0917955
0.650633
0.9403
0.569955
0.707792
0.52099
0.950055
0.262105
0.427149
0.735049
0.824547
0.249056
0.493228
0.763194
1.07109
0.172597
0.717538
0.836749
0.686742
0.636666
0.709206
0.807678
0.492342
0.611605
0.363192
0.446759
0.0596912
0.842248
0.0895258
1.1249
0.850489
0.772731
0.927277
0.923886
0.510004
0.175975
0.267248
0.665833
0.421374
0.570258
0.532589
0.392845
0.153614
0.27175
0.832511
0.600927
0.378121
0.601892
0.890698
0.0501845
0.557568
0.401972
0.437514
0.245331
0.622082
0.436726
0.445182
0.357445
0.296599
0.627657
0.662217
0.363477
0.711736
0.73253
0.583172
0.165939
0.378746
0.252733
0.202947
0.305995
0.286331
0.666936
0.188234
0.672349
0.670274
0.454895
0.169192
0.643483
0.440136
0.531053
0.716082
0.159019
0.475467
0.265428
0.367053
0.12185
0.525986
0.68899
0.448092
0.73974
0.138442
0.204218
0.574242
0.544548
0.256556
0.37992
0.497143
0.46054
0.132898
0.16432
0.5108
0.768486
0.805867
0.361473
0.849209
0.153849
0.202903
0.295143
0.167786
0.675672
0.206774
0.34832
0.31252
0.572695
0.368213
0.781782
0.633539
0.685376
0.413826
0.178763
0.416249
0.189233
0.294778
0.188089
0.670652
0.577723
0.503906
0.656277
0.4099
0.0223794
0.435378
0.920117
0.774903
0.424253
0.560752
1.0005
0.144436
0.650453
0.289237
0.596273
0.408692
0.659293
0.408736
0.605513
0.516428
0.365256
0.537362
0.838172
0.377853
0.730717
0.797408
0.645994
0.255484
0.347197
0.38239
0.285408
0.480981
0.424887
0.840436
0.114177
0.836586
0.57056
0.41804
0.115692
0.61752
0.359389
0.858242
0.68493
0.685601
0.798444
0.594344
0.190278
0.435536
1.08661
0.83455
0.602175
0.746987
1.15407
0.217064
0.812752
0.459825
0.699516
0.507564
0.842101
0.596781
0.706003
0.497175
0.254719
0.709525
0.875408
0.562283
0.917077
0.973061
0.821376
0.210861
0.535279
0.517944
0.445135
0.543852
0.553347
0.901445
0.0853087
0.92684
0.736961
0.605661
0.300128
0.805089
0.540128
0.609598
0.279561
0.468131
0.273188
0.668314
0.847125
0.428395
0.866698
0.297416
0.185703
0.576406
0.698095
0.337963
0.471093
0.629674
0.615218
0.12445
0.267985
0.642843
0.925664
0.962312
0.358906
0.979357
0.303546
0.0773863
0.267406
0.221988
0.831763
0.326558
0.504319
0.470874
0.724891
0.520356
0.902098
0.778052
0.790508
0.401458
0.267667
0.558867
0.119954
0.374645
0.698575
0.194246
0.436915
0.557548
0.370036
0.53054
0.266427
0.37123
0.66858
0.530605
0.470579
0.30835
0.665958
0.0232659
0.17738
0.500781
0.542689
0.0368877
0.412096
0.607321
0.789792
0.373829
0.434472
0.608412
0.507186
0.409478
0.515554
0.523039
0.210748
0.33032
0.192393
0.164376
0.315708
0.609298
0.263904
0.843348
0.568756
0.501454
0.664635
0.638794
0.624548
0.26167
0.51027
0.814002
0.691726
0.964199
0.327772
0.0951734
0.829518
0.584226
0.521594
0.234854
0.721649
0.629057
0.361966
0.15845
0.735415
0.900702
0.85167
0.0964486
1.06644
0.267537
0.356913
0.530359
0.428962
0.725028
0.199262
0.520974
0.42925
0.74511
0.557013
1.01383
0.618073
0.93335
0.149825
0.132768
0.415698
0.167513
0.145493
0.379972
0.639755
0.551421
0.338493
0.410385
0.315243
0.571268
0.361255
0.582396
0.133371
0.659313
0.204291
0.322022
0.347206
0.48515
0.213542
0.602099
0.768218
0.72073
0.5253
0.392042
0.449162
0.318574
0.248729
0.660565
0.488182
0.280506
0.372981
0.378502
0.24765
0.43784
0.715816
0.322822
0.774361
0.50922
0.556447
0.548345
0.605503
0.404356
0.591642
0.540499
0.702589
0.0673545
0.243096
0.650698
0.42507
0.303681
0.29238
0.460005
0.379999
0.249916
0.10773
0.473763
0.674715
0.689428
0.353584
0.805622
0.0320791
0.324238
0.39918
0.25379
0.558778
0.11264
0.267794
0.203109
0.496068
0.299298
0.752285
0.511694
0.676099
0.407396
0.133341
0.294747
0.263186
0.226509
0.413766
0.908267
0.752858
0.415321
0.563944
0.98611
0.122624
0.637381
0.300933
0.575866
0.387576
0.652858
0.409059
0.584949
0.495274
0.351718
0.547293
0.815823
0.372279
0.726801
0.78804
0.636414
0.23825
0.347288
0.364242
0.27064
0.458777
0.406117
0.818458
0.110721
0.815723
0.581966
0.419666
0.109853
0.618953
0.366765
0.888699
0.419143
0.55113
0.827489
0.90049
0.291193
0.633633
0.670141
0.3721
0.244406
0.770898
0.664982
0.371106
0.0875091
0.260748
0.882417
0.443171
0.56938
0.874458
0.833682
0.702743
0.224908
0.61507
0.345564
0.391175
0.177956
0.341918
0.484479
0.392656
0.54499
0.928601
0.687398
0.438852
0.854813
0.696841
0.697619
0.502821
0.605276
0.155082
0.879578
0.274962
0.825868
0.537279
0.652697
0.330053
0.612029
0.544336
0.940563
1.0939
0.780417
0.808253
0.568034
0.361214
0.162069
0.286997
0.977995
0.647461
0.585887
0.641517
0.716973
0.565758
0.701713
1.00141
0.555885
0.826562
0.626713
0.807319
0.547144
0.74287
0.637392
0.934847
0.639587
0.64289
0.542727
0.914579
0.243784
0.376811
0.751428
0.80743
0.229978
0.404031
0.678696
1.05445
0.114983
0.698546
0.856617
0.723223
0.65502
0.632199
0.784071
0.458029
0.574221
0.295392
0.414917
0.0668987
0.773936
0.168263
1.10775
0.83352
0.723418
0.928922
0.897327
0.301443
0.602687
0.416224
0.249989
0.348309
0.394204
0.327556
0.244422
0.175083
0.407996
0.631517
0.671891
0.420529
0.741747
0.0772311
0.335053
0.373199
0.222074
0.542554
0.173097
0.214425
0.176754
0.442167
0.240608
0.686123
0.517581
0.608745
0.474402
0.20067
0.309022
0.31108
0.290292
0.747175
0.622857
0.457584
0.313942
0.691074
0.623019
0.278279
0.165417
0.704874
0.912374
0.892681
0.175274
1.04145
0.259905
0.262801
0.443252
0.355431
0.763278
0.223767
0.510878
0.436413
0.739152
0.541189
0.980125
0.674136
0.888569
0.221985
0.147543
0.461373
0.072773
0.217476
0.939959
0.354425
0.942299
0.530641
0.681745
0.468954
0.734327
0.534013
0.939745
1.12794
0.92111
0.741906
0.674775
0.512762
0.30936
0.406719
1.02181
0.76202
0.638017
0.71547
0.722998
0.608264
0.629566
1.07012
0.48043
0.969159
0.751837
0.892612
0.693176
0.865863
0.604639
0.399899
0.486315
0.293924
0.660645
0.459094
0.493676
0.373379
0.269853
0.635148
0.699532
0.39457
0.747203
0.776288
0.626035
0.14094
0.399131
0.302237
0.244391
0.347504
0.336436
0.709294
0.13872
0.719488
0.675112
0.475313
0.17093
0.668544
0.448429
0.595648
0.323419
0.390747
0.215213
0.398626
0.334695
0.695189
0.823429
0.61785
0.657451
0.324587
0.315837
0.20219
0.11644
0.704873
0.416321
0.31296
0.368256
0.472533
0.297674
0.571212
0.727697
0.453148
0.670365
0.419877
0.54018
0.426262
0.52744
0.68872
0.543203
0.50951
0.216206
0.70138
0.757192
0.652503
0.249932
1.002
0.271659
0.544591
0.675063
0.539789
0.534428
0.180295
0.458156
0.340366
0.649651
0.503345
0.973422
0.400557
0.925632
0.281324
0.207241
0.232794
0.383029
0.0975496
0.192411
0.51951
0.565875
0.0138136
0.409514
0.614292
0.81297
0.35208
0.457707
0.626863
0.520364
0.427067
0.526147
0.546297
0.232735
0.352391
0.19421
0.186475
0.292496
0.624979
0.242886
0.866541
0.591939
0.52201
0.686363
0.662007
0.530505
0.47143
0.199853
0.314103
0.446337
0.710778
0.458891
0.364886
0.635991
0.58966
0.458863
0.343554
0.434163
0.113142
0.207013
0.116377
0.0981908
0.439589
0.43257
0.428437
0.761879
0.496558
0.347032
0.638507
0.538323
0.293364
0.532201
0.844531
0.914023
0.452286
0.865198
0.281774
0.108078
0.169969
0.0987749
0.785594
0.339414
0.42552
0.419577
0.633595
0.432699
0.783829
0.758419
0.668361
0.500247
0.303941
0.543782
0.22852
0.420313
0.579576
0.750686
0.728888
0.247116
0.908606
0.10929
0.336331
0.45922
0.328254
0.598998
0.0618066
0.362625
0.2754
0.587682
0.39863
0.858362
0.519771
0.783826
0.300672
0.0260898
0.302442
0.210873
0.131574
0.405733
0.615987
0.826678
0.33846
0.471349
0.639427
0.530651
0.439334
0.530157
0.55974
0.244773
0.364432
0.193701
0.198655
0.278824
0.632226
0.232252
0.880236
0.605642
0.532759
0.700027
0.675306
0.287605
0.969768
0.40526
0.653437
0.949603
0.896956
0.771838
0.288129
0.701608
0.42164
0.476002
0.224113
0.412193
0.465359
0.463989
0.548219
1.01607
0.773409
0.525457
0.937813
0.784319
0.896715
0.691883
0.660043
1.00671
1.01172
0.866624
0.13076
0.668978
0.510915
0.49517
0.424866
0.528158
0.743222
0.265221
0.804627
0.933097
0.74514
0.435991
0.937919
0.712434
1.15482
0.355924
0.434932
0.61844
0.523542
0.774141
0.276619
0.605691
0.506649
0.825909
0.643847
1.10544
0.649871
1.028
0.0539605
0.22104
0.464223
0.239948
0.187522
0.799333
0.970807
0.837951
0.769233
0.666583
0.881372
0.551728
0.663442
0.360023
0.511313
0.113971
0.822967
0.261817
1.20764
0.93464
0.799126
1.03842
0.99188
0.355981
0.429105
0.282092
0.529309
0.0961593
0.254497
0.178698
0.48126
0.289492
0.750165
0.479699
0.679818
0.40921
0.135308
0.26267
0.286521
0.214072
0.204304
0.201598
0.876977
0.392172
0.528944
0.511757
0.740671
0.538641
0.886952
0.835273
0.766934
0.476046
0.3389
0.61695
0.195053
0.448996
0.151719
0.888547
0.500024
0.502363
0.532225
0.674664
0.493953
0.741925
0.887954
0.607775
0.664495
0.4718
0.682217
0.385437
0.588362
0.741527
0.360681
0.362164
0.381677
0.554862
0.360883
0.685982
0.736295
0.569586
0.574322
0.345178
0.530997
0.316295
0.459807
0.539512
0.392172
0.366109
0.35055
0.414915
0.698836
0.178967
0.737961
0.812724
0.615763
0.310467
0.807541
0.588142
0.330257
0.230884
0.549356
0.370181
0.837927
0.457992
0.773096
0.327933
0.0762769
0.240711
0.272496
0.11836
0.119665
0.228473
0.0464198
0.515547
0.435433
0.474338
0.657787
0.388206
0.294625
0.525369
0.440321
0.320073
0.165951
0.63326
0.359898
0.593615
0.556815
0.298952
0.18387
0.465106
0.331389
0.204702
0.361813
0.47968
0.387413
0.876596
0.612728
0.439583
0.753231
0.651041
0.471256
0.472262
0.427919
0.696464
0.42452
0.340139
0.550669
0.48243
0.840711
0.149169
1.15903
0.88442
0.786608
0.970336
0.952605
0.856949
0.681402
0.530304
0.219209
0.729641
0.47344
1.08196
0.809375
0.764881
0.869981
0.890945
0.274625
0.504453
0.281531
0.231777
0.315006
0.19948
0.116563
0.513198
0.277712
0.2857
