8.8711
9.31519
9.2562
8.72604
9.28518
9.44545
9.01459
9.88536
9.299
9.8641
9.72796
8.97976
9.02808
9.16766
9.39465
8.8083
9.20516
9.87207
9.13351
9.19792
9.20454
9.43508
9.61073
9.32358
9.3685
9.1972
9.23879
9.62735
9.34905
8.9914
9.50606
9.49307
9.28159
9.51344
9.55733
9.49065
9.6617
9.26458
9.66239
9.36695
8.98842
9.44176
9.28292
9.49455
9.51277
9.16108
9.45502
9.11079
9.50344
9.30252
9.43105
8.91991
9.35062
9.38773
9.45807
9.82316
9.48709
9.29541
9.32052
9.2558
9.64173
9.07736
8.99039
9.18057
9.58101
9.37622
8.96619
9.23426
9.68914
9.85761
9.57533
9.45339
9.05943
9.41541
9.24671
9.03714
9.02887
9.25128
9.41228
9.52869
9.32881
9.25928
8.54949
8.74843
9.56225
8.90084
9.25941
9.40305
9.35624
9.19328
9.79162
9.18507
9.34622
9.15292
9.16095
9.31297
9.43809
9.43042
9.14302
8.81454
9.32711
8.86855
8.54972
9.08564
9.03061
9.23999
9.22512
9.26565
8.68723
8.90023
9.01068
9.05727
9.01966
8.85336
9.25377
8.84244
8.89495
8.77204
9.05762
9.08288
9.27312
9.2284
9.40139
8.9953
9.01969
9.04081
9.08045
8.85708
8.96576
9.09275
8.87923
8.89509
9.35029
8.83852
9.01066
9.29239
9.36488
9.1533
8.70882
9.08219
9.40183
9.28646
9.2373
8.86716
9.04644
9.19627
8.82543
8.5191
8.88516
8.72432
8.72254
8.77737
8.89557
8.90033
9.16568
8.84449
9.22218
8.84343
9.05425
8.80594
8.51935
8.85353
9.30295
9.17285
8.85606
8.87974
9.06073
9.10812
9.3792
9.1179
9.0434
8.89305
8.89018
9.36498
8.79812
8.96277
9.06901
9.09697
9.12928
8.91722
8.94976
8.87623
8.99052
9.17881
8.6553
9.24315
9.35875
9.04566
9.04413
8.82648
8.64617
8.67265
9.20759
8.8931
8.69764
9.29285
8.97281
9.21512
9.00309
9.01788
8.89018
9.29583
9.55071
8.94892
9.48842
9.02461
9.236
9.20269
9.24476
9.03128
8.83295
9.16949
9.3544
9.01676
8.88827
9.03592
9.09152
9.31613
9.29044
9.31497
9.12049
9.17586
8.84604
8.8663
9.11493
9.11305
9.27998
8.93933
9.33521
9.25599
8.8561
9.11751
9.29106
9.15354
8.98981
9.0607
9.14035
9.28203
9.25437
8.92897
8.90745
9.35025
9.38088
9.40755
9.01614
9.08777
9.17017
9.29582
9.04051
9.02473
9.13008
9.30321
9.24021
9.45899
9.22621
9.10276
8.96462
9.36499
9.07318
8.8542
9.2013
9.38829
9.15334
9.21904
9.07219
9.04099
9.41229
9.34692
9.0662
9.46302
9.33462
9.00111
9.4401
9.00436
9.0402
9.21684
9.04471
9.27752
9.11042
9.09668
9.65875
9.31611
9.25608
9.141
9.22834
9.53029
9.38615
9.34684
8.84102
9.09301
9.09301
9.29164
9.03787
9.14089
9.29605
9.06451
8.94741
9.07833
9.29169
9.30778
9.16432
9.71556
9.20078
8.72281
9.01407
8.67534
8.81972
9.14172
9.07502
8.75035
8.88571
9.42327
9.69694
9.33354
9.26528
8.8811
9.17295
9.40178
9.40233
9.4568
8.92975
9.29278
9.27642
9.43458
9.51716
9.56022
8.99569
9.21538
9.30657
9.53948
9.37197
9.12772
9.02858
9.22385
9.11304
9.66229
9.05002
9.01358
9.19378
9.157
9.42274
9.25366
9.11551
9.03999
9.33476
9.35513
8.8007
9.36775
9.2522
9.43751
9.16775
9.46365
8.95391
9.21403
9.05226
9.51762
9.26509
9.18586
9.35647
9.31128
9.32498
9.15739
9.25445
9.08111
9.53201
9.07936
9.40034
9.57113
9.2732
9.28927
9.62924
9.29724
9.47562
8.65227
9.39663
8.98226
9.55709
9.30941
9.17277
9.30054
9.33431
9.53844
9.00204
9.46942
8.86169
9.71757
9.15669
9.35183
9.5283
9.26616
8.89572
8.5374
8.90075
9.16754
8.4967
8.83521
9.10332
8.35797
8.62852
8.79015
8.86613
8.57001
8.84757
8.88207
8.5364
8.99612
9.12287
9.06761
8.82694
9.04625
9.05345
8.70639
8.45673
9.09642
8.87199
8.79146
9.18593
9.28387
8.83297
8.69883
9.26347
8.88096
8.93012
8.94147
9.45267
9.2656
8.78299
9.32539
8.99686
9.41397
8.99423
8.86916
9.10975
8.94062
8.94052
9.14861
9.12144
8.6147
8.89279
9.1186
9.06353
8.63632
9.05668
9.10594
9.14341
8.96395
9.2981
8.86759
9.18554
8.77815
9.09591
9.17762
8.90309
9.21934
9.02606
8.98567
9.3058
9.5746
8.84
8.68216
8.6359
9.17853
9.1795
8.91482
8.83361
9.01068
8.84667
8.83822
8.40705
8.80609
8.97133
8.98432
8.95226
8.61928
9.21995
9.0157
9.08461
9.11953
9.17524
9.18242
9.19212
9.10149
9.09215
9.29756
8.95787
8.6426
8.74244
9.15959
8.82252
9.2386
8.86718
8.75139
8.7816
8.89561
8.60914
9.01295
8.93723
9.12545
9.09151
8.98406
9.28395
9.04652
9.08485
9.52418
9.01618
9.13298
8.969
9.03946
8.88287
8.53453
9.01283
9.15453
8.95096
9.07965
8.80501
8.98125
9.20056
9.08507
9.03445
8.91767
8.84995
8.59307
9.0612
9.12626
9.21244
9.02227
8.96508
8.92463
8.8689
9.20454
8.93631
9.20298
9.58506
9.22301
8.76001
9.01035
9.03204
9.11534
8.8761
8.89803
8.96235
9.08644
8.72235
9.11083
9.09282
9.17829
8.90444
9.01408
9.0494
9.01906
8.78809
9.16456
9.12797
8.85955
9.03352
9.10904
8.99045
8.86138
9.10351
9.44083
9.13369
8.81038
8.92468
9.00617
9.05563
8.9221
9.20224
9.2357
8.78005
9.2499
8.74908
8.80799
9.12649
8.75442
9.30896
8.79102
8.58553
8.66897
8.9415
8.85227
9.22486
9.08899
9.03996
8.72989
8.80483
8.83692
8.83579
8.76182
9.10125
8.92703
8.84006
8.73889
8.95951
9.22731
9.03967
9.43775
9.02862
8.79564
9.07496
9.26455
9.00999
8.78039
8.84393
9.04585
9.16119
9.09592
9.14613
9.42024
8.7777
8.73365
9.53048
9.25309
9.00387
9.34401
9.4164
9.01911
9.23176
9.50486
8.95362
9.05544
8.95145
9.35094
8.75069
8.99153
8.85422
9.20033
8.8921
9.17898
8.94853
9.17875
9.0926
9.36182
8.73121
9.4047
8.60129
8.99958
8.83183
9.08538
8.97743
9.29822
8.92045
9.32113
9.16574
8.96427
8.97969
9.48079
9.32631
8.97578
8.96286
8.76256
9.02479
9.22925
9.39428
9.17377
8.88215
9.27382
9.31362
8.90058
9.40555
9.13358
9.0236
8.93276
9.41337
8.9526
9.0968
9.17175
8.83494
9.46641
8.78397
8.93506
9.48076
8.98547
9.13669
9.10541
9.23975
9.21981
8.64515
8.74314
8.96247
9.20077
9.14992
9.34415
9.25178
8.98129
9.26231
9.4994
9.20615
9.23117
9.00493
9.15386
9.14791
8.88955
8.58543
9.31843
9.27227
9.24469
9.34922
8.92541
8.71412
9.88464
8.92065
8.97136
9.15722
9.25784
9.51607
9.06683
9.14506
9.2519
9.29377
9.08186
8.81086
8.85375
9.1742
8.97534
9.2956
9.07519
9.10177
9.13047
8.93485
8.95288
9.30783
9.50007
9.03076
9.21875
8.71283
9.44212
9.14298
9.2703
8.9552
9.27041
9.40534
9.22338
9.35307
9.23549
9.00292
9.20698
9.58742
8.85758
9.26939
8.7953
9.14285
9.13938
8.82223
9.05648
9.21165
9.52138
9.20894
8.90609
8.8502
8.85504
9.14938
9.19798
9.00073
9.15142
9.14163
9.08504
8.82857
9.28217
8.89481
9.29247
9.50491
9.29786
9.35331
9.19511
9.13072
9.13435
9.19701
9.34704
9.33051
9.56091
9.18459
9.36076
9.02663
9.4044
9.06424
9.46688
9.42606
9.34938
9.16086
9.1844
9.05107
9.1041
9.18262
8.94329
9.03105
8.8933
9.48603
9.27349
9.4191
8.70757
9.80436
9.43468
9.42058
9.06271
8.77534
9.21553
9.34862
9.39199
9.60337
8.96113
8.8507
9.19308
9.46688
9.13344
9.06039
9.22917
9.31016
8.97336
9.15052
9.10518
9.12704
9.15343
9.70957
9.11985
9.14762
8.89947
9.47356
9.06054
9.39378
9.23202
9.03694
9.4551
9.58516
9.47632
9.44037
9.14582
9.33781
9.29624
9.49966
9.73573
9.24483
9.34166
9.37984
9.20639
8.66857
9.2291
9.20802
9.28455
9.34203
9.61504
8.9444
9.41829
9.26102
9.0983
9.22673
9.12935
9.63525
9.18404
9.69146
8.92139
9.83999
9.3311
9.20538
9.26565
8.92526
9.11122
8.92533
8.7323
8.68481
9.36803
8.85498
9.13551
8.82718
9.67308
8.56125
8.99388
9.19547
9.11021
8.75118
8.8827
8.92245
8.90736
8.75865
9.06548
8.93831
8.82685
8.80338
8.89423
9.00702
9.04331
9.74818
8.72279
8.81291
9.33209
8.75983
9.01683
9.30605
9.13233
8.82442
9.23241
8.82003
8.76481
9.14499
9.09668
9.07734
9.20158
9.20052
8.76049
9.2421
9.20985
9.25298
8.77065
9.41423
8.97274
9.19722
8.79243
9.29223
8.94987
9.38989
9.04833
8.95585
9.07385
9.00177
9.32256
9.4158
8.98251
9.25324
9.24154
8.97171
9.13739
8.89604
8.92306
8.90701
9.03387
9.29938
9.21129
9.33841
8.82386
8.80981
9.03592
8.9842
9.23558
9.22663
9.11604
9.16498
9.40371
9.30955
9.42219
8.90235
8.92373
8.89697
8.96109
9.10239
8.93239
8.88599
9.05894
8.97244
9.0042
9.26245
9.08165
9.32453
9.05497
9.09576
9.07306
9.05732
9.09442
9.07598
9.20169
9.09498
9.08684
8.99425
9.01975
9.02451
8.95757
9.12186
9.4178
9.36498
9.24816
9.02259
9.33388
9.16642
8.78084
9.17748
9.06575
9.36752
8.96457
9.1898
9.22926
9.42893
8.98843
8.94588
9.1631
9.3107
9.53656
9.00622
9.23359
8.92205
9.01745
9.56831
9.56758
8.89075
9.64184
9.2946
9.52093
8.84667
9.22101
9.68068
8.94412
9.15053
9.48186
9.66952
9.15753
9.19363
9.30025
9.51155
9.29112
9.52551
9.35538
9.36559
9.05952
9.48605
9.40323
9.27458
9.52015
9.30871
8.90914
9.22371
9.22184
9.17768
9.19612
9.4327
8.9092
9.64772
9.04084
9.37808
9.27634
9.12094
9.27283
9.28395
9.50336
9.14812
9.00108
9.55554
8.81238
9.03838
9.27675
9.13689
9.07534
9.29117
9.13064
9.3487
9.1706
9.23046
9.24843
8.87678
9.46094
8.97164
9.38141
9.23386
9.10011
8.87738
8.94506
9.16789
8.775
9.11897
8.93349
9.57158
9.12351
9.18116
9.06652
9.46211
8.87218
8.90004
8.61938
9.27806
9.66039
9.22091
9.28804
8.91801
8.87915
9.151
9.08643
9.01302
8.99545
9.05959
9.22353
8.7312
9.03283
9.04881
9.37401
9.3096
9.41506
8.95812
9.03197
9.21831
8.60943
9.14217
9.22555
9.35391
8.83694
9.27891
9.20656
9.1407
9.20285
9.13348
8.75685
8.5483
9.00604
9.67758
9.11006
9.47372
8.91481
9.34699
9.16413
9.03746
8.97862
8.9803
8.96523
9.79222
9.22861
9.30981
9.07423
9.22377
9.23626
9.24236
8.92239
9.06894
9.12827
9.18365
8.8191
8.97248
9.02415
8.81504
8.38539
9.15189
8.57341
8.89296
9.35584
8.84367
8.63327
9.00317
9.33846
8.97438
9.21914
8.68554
8.85746
8.90589
9.1857
9.30939
9.03252
8.94147
8.8358
8.87831
8.92607
8.90108
8.65681
9.30473
8.55545
9.10845
8.82451
8.80887
8.65057
9.04261
8.9931
9.07988
8.86652
8.87425
9.12231
8.85737
9.4078
9.19702
9.04626
8.69321
9.16338
9.01245
9.23817
9.01198
8.83165
9.16159
8.67725
8.93098
8.90123
8.92359
8.62678
8.93487
8.74578
8.71176
9.08878
9.028
9.2902
8.94194
8.77644
8.77568
8.99964
8.5811
9.02806
9.14632
9.08741
9.16272
9.20815
9.11686
8.77679
8.96768
9.01836
9.21659
9.01782
9.23343
8.69947
8.90114
9.1482
9.14298
8.84274
9.14654
8.68435
9.03016
9.11427
9.00623
8.81399
8.88768
8.92872
8.9555
8.67494
8.64585
8.83246
8.83854
8.65165
8.83403
9.12262
8.90312
9.15268
8.81688
8.70736
8.70689
9.13747
8.70281
8.8847
9.26046
9.05798
9.27007
9.05499
9.37205
8.85362
8.81906
8.76249
9.27919
9.26228
8.80479
9.21345
9.14584
8.94991
8.69606
8.69478
8.89055
9.12659
9.0081
9.29107
9.23808
8.75353
9.0159
8.9752
8.59387
8.61539
9.0565
9.05366
9.10827
8.82438
9.22954
8.85719
8.81264
8.78249
9.04775
8.89823
9.03821
8.7621
9.18383
8.93418
8.96393
9.33245
8.49609
8.76541
9.26403
8.83849
8.96363
8.9013
8.5523
9.08983
9.10447
8.75173
8.3703
8.66181
8.51882
9.13407
8.78891
8.90734
9.23747
9.14097
8.978
8.67916
8.8322
8.9008
8.92997
9.17706
9.0947
9.16992
8.80264
8.84602
8.75306
9.3075
9.14307
9.36744
9.2963
9.00833
8.82167
8.82595
9.25067
9.08038
9.25863
8.88723
9.20269
9.08305
8.92245
8.86547
8.93829
9.08331
9.32671
8.97108
9.09717
8.78786
8.91131
9.35938
9.33795
8.95692
9.14374
9.28969
9.10665
9.40174
8.92032
9.11777
9.1047
9.19489
9.22032
9.38803
9.05372
9.06919
9.43516
9.06978
9.13732
9.21405
8.78267
9.22099
8.90731
9.08092
9.26315
8.91609
9.30405
9.34294
8.7245
9.27616
9.37948
8.99249
8.73181
8.8498
9.09736
8.9176
8.91054
8.89657
9.02868
9.19872
9.18262
9.17635
9.21816
9.25765
8.70893
9.0056
8.8737
9.08358
9.09274
9.0405
9.25158
9.34758
9.18038
9.23453
8.88761
9.2403
9.29428
9.65739
9.16736
9.05901
9.44333
8.78195
8.93464
9.23234
9.5682
9.05063
8.75785
9.03586
9.04565
8.81126
9.03988
9.22158
8.56246
8.86535
8.60126
8.96684
8.73102
8.75549
8.93135
9.27771
8.99294
9.29182
8.82769
8.76709
9.05175
8.77352
9.02259
8.87204
9.05507
8.92309
9.01837
9.30229
9.04114
8.74231
8.5649
8.96034
8.89353
8.97832
9.04846
9.35373
9.04284
9.38349
8.75285
9.10733
8.9675
9.07399
8.95751
9.18844
9.28434
9.23213
8.81542
8.90342
8.97852
9.1161
8.45186
8.70204
9.06817
9.04646
9.30402
8.79066
9.04388
8.9986
9.35828
8.96066
8.95256
9.14627
9.06575
9.23839
8.52411
8.79144
8.93425
9.14652
9.13766
8.50529
9.04698
9.01819
9.2633
8.68354
9.18751
9.25408
8.8108
9.51041
8.79376
8.79219
8.828
8.89511
9.12348
8.97144
9.11595
9.1533
9.10019
9.2409
9.13079
9.09141
8.99132
9.20106
8.87287
9.13437
8.87425
9.12981
8.6759
8.66343
8.79878
8.86108
9.3053
8.8877
8.91857
8.5551
9.28048
9.56355
8.73125
9.11926
9.18572
9.19929
9.01027
8.8315
8.72657
8.6307
8.81907
9.01012
8.89828
8.99361
8.94243
9.18325
8.81914
9.11853
8.97867
9.43372
9.56893
8.72838
8.8434
9.01727
8.891
8.97787
9.01359
9.33843
8.78626
8.9226
9.10975
8.99986
8.9919
9.25195
8.90872
8.91917
8.7822
9.18427
8.99214
8.87543
8.98821
8.89599
8.79243
8.94092
8.91173
8.65671
9.19638
9.26252
8.66531
8.90934
9.19505
9.04354
9.29178
8.94953
8.71497
8.84469
9.23473
9.06145
8.83502
8.85741
9.36425
9.26382
9.05149
9.37825
9.11668
9.1149
8.86602
8.91637
8.96474
9.21854
9.05818
9.29374
8.87329
8.92453
8.64847
9.0692
8.76441
8.98881
9.30062
9.06782
8.80116
9.32554
9.2674
8.95921
9.09733
8.7264
9.1819
9.40257
9.17899
9.01272
9.10787
8.79495
9.31257
9.70517
8.90977
9.5348
9.35736
9.06824
9.09013
9.11069
9.16905
9.4335
9.31278
8.82766
9.29045
9.45264
9.1606
8.91081
9.14846
8.89571
8.98855
8.78683
9.2898
9.21955
8.89751
8.79273
9.15508
9.2528
8.89328
9.27793
9.02937
9.1044
9.23536
9.00418
8.93845
9.19599
8.88836
9.03959
9.11477
9.19548
9.17388
9.0939
9.02173
8.84932
9.09034
8.93035
9.072
8.48656
9.02613
8.92388
9.23368
9.19608
8.96104
9.29477
9.48687
9.40602
9.62836
9.46301
9.14016
9.19332
9.2465
9.51257
9.28788
9.36937
9.35903
9.62437
9.19705
9.48827
9.36586
9.55534
9.32807
9.25154
9.54925
9.4024
9.44428
8.92779
9.25578
9.00031
9.49268
9.38647
9.34602
9.26171
9.43162
8.71918
9.12588
8.91118
9.10622
9.11564
9.18449
9.07732
9.03552
9.08165
9.26688
9.18478
8.73087
9.23032
9.26541
9.0905
9.57505
9.19465
9.06112
9.11987
9.5327
9.63294
9.32185
9.26982
9.62039
9.33761
9.18256
9.08232
9.51724
9.15316
9.50768
9.33203
9.382
9.29204
9.33745
9.27761
9.23907
9.0861
9.8323
9.32685
9.33659
9.47677
9.25597
8.93298
9.47841
9.26619
9.51551
9.2654
9.48203
9.19022
9.14412
9.09197
8.58995
9.31813
9.04727
9.1539
8.82264
9.28951
9.08158
8.9855
8.61086
9.16465
9.00899
8.76006
8.89874
9.40374
8.60918
9.04397
8.88263
9.09959
9.05407
8.99745
9.01058
8.7652
8.80424
8.97273
8.75321
9.05582
8.8901
9.10742
9.00449
8.89958
8.92484
9.1172
9.22054
8.68756
9.19188
8.96202
9.13846
8.87731
9.0234
8.98913
8.97379
9.21133
8.83241
8.7124
9.35438
8.97525
9.31319
8.69107
9.15807
9.02724
9.09907
9.04195
9.46546
9.37968
9.23356
8.80939
9.13409
9.03609
8.73855
9.0143
9.18289
9.30464
8.86604
8.70312
8.92834
9.09839
9.34775
9.09119
8.4601
9.38523
9.11158
9.27399
8.86037
8.7356
8.87788
8.8952
9.00828
9.05096
9.38016
9.02319
9.28528
9.13124
9.29411
8.79417
8.99594
9.2379
9.12983
9.06194
9.03825
9.13022
8.77605
9.16716
9.643
9.17837
8.93109
8.74973
9.16179
8.72894
9.06207
8.80391
9.11525
9.08321
9.40631
9.2593
8.8628
8.89175
8.88794
9.00499
9.04338
8.77442
9.22744
8.83557
9.11795
9.29903
9.04488
9.2355
9.21106
9.17018
9.1423
9.27352
9.06301
8.92256
9.21077
8.89806
9.25124
9.29604
9.04818
9.22825
9.0051
9.009
9.05272
9.16279
9.08127
9.39272
9.12426
9.3985
9.24556
9.14184
9.03567
9.0949
9.19549
8.98322
8.83986
8.73391
8.9386
9.22081
9.18613
9.15827
9.10345
9.14476
8.82548
8.81965
9.05523
8.91517
9.05227
9.00343
9.212
9.15098
9.09785
9.25729
9.20835
9.24724
9.15666
9.12454
8.97437
9.12952
8.66638
9.152
9.40297
9.26866
9.33622
9.0857
9.81606
8.92361
8.94793
9.31473
8.99857
9.16381
8.96938
8.98945
9.09102
9.42035
9.27129
8.77315
9.5092
9.20407
9.53879
9.01961
9.63875
8.75341
9.31877
9.03002
9.39106
8.79806
9.23726
8.84804
9.31707
8.74686
8.92367
8.86574
9.20658
9.15367
9.24296
9.25864
9.1468
9.29742
8.92357
9.01621
9.05646
9.04974
9.01109
9.25728
9.38864
9.58501
8.95087
9.05988
9.15078
9.20758
9.16427
9.3148
8.76717
8.94639
9.08698
9.23376
9.2168
9.41631
9.19143
9.29237
9.58039
9.15063
9.18738
8.9272
9.3172
9.2961
9.38737
9.43389
9.15198
9.19097
9.33527
9.37578
8.85716
8.94839
9.06743
8.98581
9.35344
9.08261
9.46257
8.9686
9.03348
8.96974
9.40999
8.62997
9.46377
9.28751
8.89523
8.77563
9.13017
9.4521
9.35787
8.98267
8.69195
9.10704
9.05791
9.12427
9.42584
9.44195
9.52417
8.93761
9.20427
9.35874
9.07066
9.26625
9.43269
9.17853
8.86456
9.58789
9.19268
9.42118
9.09081
9.16168
9.5084
9.23068
8.95202
9.14665
9.13962
9.10379
9.47758
9.3534
9.17505
9.01797
9.30723
9.21251
8.98669
9.0791
9.43714
9.02071
9.18619
8.91423
9.22198
9.19052
9.10044
9.0127
9.49041
9.05342
8.81056
9.35413
9.07019
9.2859
8.92424
8.95397
8.99498
9.13611
9.34004
9.33364
9.38009
9.49803
9.25947
9.08109
9.46675
8.83271
8.85908
9.27601
9.06854
9.04001
8.80393
9.6881
8.83598
9.12911
9.14088
9.16637
9.51449
8.94125
8.97211
8.91603
9.01222
9.11529
8.85749
9.68673
8.37577
8.86946
9.59347
8.98772
9.08481
8.90913
9.09532
9.22104
8.976
9.11643
8.99374
9.16241
9.32548
9.03031
8.95172
9.34025
9.13985
9.30476
9.34518
9.19433
8.87825
9.43429
8.98136
9.0618
9.19956
9.42065
9.44994
9.42766
9.62553
9.09131
9.01645
9.07976
9.05631
9.38568
9.42895
8.68299
9.40092
9.28521
9.17241
8.86127
9.31489
9.55935
9.4287
9.65005
8.91286
9.43121
8.81421
9.34994
9.26542
8.86363
9.31593
8.82574
9.20225
8.98037
8.75025
8.84579
8.91068
9.12435
9.04164
9.07111
9.49368
9.21638
9.155
8.51547
9.04675
9.1344
8.89966
9.1576
9.1023
9.31004
9.09608
9.08048
9.32384
9.07475
8.80938
9.0837
9.33157
8.98003
9.32443
8.72934
8.89458
9.20111
9.0094
9.2576
9.13618
9.4077
9.24922
8.9342
9.37318
8.93517
9.23187
9.22279
9.32024
8.98321
9.25573
9.09175
9.22084
8.96001
9.25649
9.24694
9.0019
9.09486
9.00069
9.20684
8.79982
9.31548
8.65809
9.28653
9.50747
8.9818
8.67392
8.9642
9.15778
9.36171
8.98767
8.957
9.31119
9.33324
9.17234
9.06063
9.11001
8.958
8.87928
9.01787
9.12013
9.12888
9.25718
8.90682
9.19921
9.21412
8.92689
9.35484
9.43548
8.89954
9.21902
8.71634
9.37053
9.25968
9.04805
9.10635
9.06856
9.15085
9.12209
8.94568
9.09801
9.28606
8.79626
9.20657
8.83817
9.19897
9.4532
9.33357
9.60802
8.80395
9.12248
9.17675
9.35377
8.98277
9.21289
9.47036
9.12402
9.06654
9.12367
9.01681
9.20815
9.12619
9.1136
9.35562
9.0251
9.47911
9.39342
8.93261
9.22727
9.09598
9.39086
9.14334
9.20443
9.11433
9.36749
9.35916
9.20983
9.34062
8.90018
9.32936
9.04243
9.158
8.96518
9.39303
9.40623
8.93688
9.01036
9.47435
9.31645
8.96863
9.04013
8.87231
9.52995
9.20473
9.21906
9.0093
9.19339
9.23765
9.07895
8.90389
8.72787
9.38308
9.27068
8.95853
9.37626
9.59093
9.15476
8.94929
9.09315
9.02059
8.8385
8.75377
9.41543
8.81627
9.36576
8.86451
9.11863
8.8144
8.99815
9.25227
9.16185
9.1743
8.92169
9.06683
9.02472
9.12489
8.66845
9.58731
8.96895
9.16614
9.18891
9.55471
9.20268
8.89151
9.30261
9.44245
9.09078
9.02945
9.06681
9.41684
9.09608
9.3703
9.28218
8.74268
9.08227
9.21911
8.88419
8.89343
9.14401
9.02193
9.3088
9.15874
8.73355
8.72926
8.97228
8.93389
9.20296
8.78054
9.22104
8.87475
9.34243
8.78017
8.98418
9.25539
8.92211
8.8258
9.52393
8.94016
9.28507
9.08422
8.99447
8.60313
8.9939
8.58341
9.003
8.79069
8.94341
9.31339
8.74746
8.62283
9.03099
8.83033
8.99616
8.80356
8.96689
9.39174
8.76552
8.93096
8.9557
9.06633
8.65306
9.16127
9.06472
9.31053
9.05348
9.19021
9.07707
9.1252
8.89466
8.80253
9.15642
9.1068
9.05179
8.9053
9.12018
8.80859
8.97888
9.40567
9.12662
9.03788
8.7506
8.95239
8.96922
8.93926
9.29145
8.76673
9.17926
9.18139
9.23117
8.77181
9.02028
8.63016
8.9116
9.08614
8.76046
8.31257
8.76379
8.65212
9.23326
8.95132
9.42578
9.17569
9.12335
8.93044
8.95659
9.14372
8.92832
9.00622
9.2064
9.21371
9.37451
9.00572
9.04947
8.8386
9.17219
9.12572
8.9169
8.91855
9.9513
8.97291
9.22879
8.96245
9.08617
8.97298
9.01016
9.29167
9.23759
9.18841
8.76206
8.91995
9.41019
8.98836
8.96279
9.26513
9.44757
8.91362
9.16841
9.25874
9.02892
9.31152
9.19285
9.06372
9.34303
8.89418
9.11177
9.04882
9.44414
9.39077
9.06903
9.55148
9.31822
9.14885
8.67039
8.93055
9.60514
8.91284
9.07694
9.38237
9.05862
9.03283
9.33287
9.27349
9.15997
9.34234
8.83619
9.14133
9.14728
9.02336
8.75978
9.55
9.45515
9.23349
9.13667
9.20076
9.42866
9.12274
9.19101
9.0268
9.24093
9.52367
9.2838
9.22677
8.92032
8.79729
9.17349
9.14362
8.9224
8.82344
8.99526
8.80942
8.70777
9.15475
9.28575
9.17051
8.91942
9.20214
9.01017
8.81728
8.8911
8.7503
9.10744
9.16719
9.67494
8.82012
9.1931
9.06963
9.41848
9.15903
9.01282
8.75406
8.98492
9.18897
9.21672
9.24611
8.56562
9.18635
9.29702
9.60403
9.60209
9.1829
9.42497
9.02967
9.21867
9.14829
9.06205
9.2608
9.29059
9.33978
9.19056
9.34646
9.17219
8.48374
9.235
9.08794
8.99473
9.03309
8.67303
8.86014
8.99966
9.04845
8.99616
9.20287
9.0657
9.2323
8.94243
8.49094
8.73526
9.18653
8.86878
8.67467
9.06597
9.16887
8.93194
8.9202
9.14163
8.62826
9.16219
9.5767
8.75845
9.01486
8.84646
9.07288
9.1005
8.8695
8.829
9.12423
9.16093
9.32182
9.00031
9.00214
8.9366
8.79748
8.79746
9.23645
8.91404
8.78701
8.80646
9.45555
8.88075
8.85572
9.27316
8.72369
8.90554
9.26204
9.04019
8.9869
9.00265
9.39005
9.29255
9.2024
8.60009
9.01649
8.8768
8.87899
9.3886
9.00717
8.92328
8.85286
9.04587
9.24656
8.8061
8.70034
9.1877
9.0871
8.86511
8.68666
8.86449
8.98897
9.16171
9.01085
9.39623
8.81787
9.26193
9.16037
9.07557
9.0218
8.50554
9.1359
9.05039
8.79434
9.05294
8.67764
8.96331
9.18636
8.89931
9.08961
9.08221
8.73112
8.83738
8.96403
9.12019
8.98978
9.04078
9.30137
9.19978
9.22328
8.70072
9.10055
9.09508
9.338
8.98414
9.11281
9.23025
9.10425
9.20786
9.01827
9.04833
9.43135
9.25808
9.16583
8.86924
9.19442
8.47568
9.13447
8.97652
9.35526
9.19947
9.00777
8.75448
9.17519
8.80135
8.73644
9.30341
9.2681
9.30029
9.15132
9.27908
9.08522
9.15529
8.95912
8.99029
9.29296
8.78279
8.56679
9.19749
8.93913
9.15787
8.55175
8.73143
8.86687
9.44603
9.39845
8.65383
8.93871
8.51579
9.15733
9.20864
9.12277
8.8892
8.88943
8.98087
9.17015
9.33045
8.87922
9.03147
8.77522
9.26611
9.27815
9.05869
9.37398
9.57775
8.95581
9.31165
9.33508
8.99234
9.27668
9.08867
9.37325
9.09784
9.15881
9.04522
9.39447
9.27251
9.15188
8.87593
9.15317
9.1687
8.91433
8.8926
9.22642
9.15022
9.13908
8.8885
8.83177
9.02551
9.44165
9.30398
9.18701
9.22205
9.33866
9.31869
9.15354
9.14682
9.43963
9.39826
9.22317
9.0918
9.3981
9.1241
9.19915
9.21253
9.17339
9.13266
9.57981
9.23106
9.25548
9.24373
9.44941
9.53764
8.91572
9.15219
9.23581
9.61222
9.54977
9.10463
9.11117
8.87826
8.62118
9.2959
9.14974
8.50873
8.78704
9.11887
9.03962
8.90616
8.83984
9.2834
9.31812
9.12351
8.68527
9.19889
8.95857
9.06048
9.35164
9.38945
9.30491
9.14414
8.77056
9.54779
8.82579
9.24386
9.51424
9.34672
8.91815
9.22285
9.0992
9.11168
9.37602
9.05498
8.84203
9.02705
8.66694
8.84047
8.79137
8.95638
8.85846
9.03119
8.87293
9.16737
9.08555
9.41116
9.22366
9.02066
8.88361
8.3628
8.99233
8.77335
8.74361
8.87287
9.37034
9.31616
9.17054
8.82051
8.93115
9.28029
9.03794
9.19979
8.63666
8.92574
9.0925
9.11374
9.07649
8.92222
9.40004
9.23721
8.71412
8.84438
9.21587
9.40259
8.57746
9.13736
8.871
9.25585
9.04108
8.67977
9.01866
9.1298
8.91426
9.45054
9.05685
8.82598
8.97903
9.30718
9.55363
8.4587
9.25987
9.07631
9.4807
8.7247
8.99839
9.33237
9.23379
9.19142
9.39623
9.22032
9.33712
8.83908
8.99202
8.69417
9.04939
9.09455
9.11632
9.07015
9.16891
9.24551
9.09346
8.97207
8.97784
8.57571
8.92168
9.33859
9.08207
8.85917
8.96721
9.0803
9.0275
9.18018
9.21281
9.10427
9.26894
9.0507
9.25931
8.99203
9.03575
9.32069
8.95039
8.94056
9.02243
9.56031
9.54301
9.25396
9.33163
9.44466
8.98586
9.21902
9.67878
9.37999
9.79619
9.51011
9.25988
9.40125
9.77732
9.37279
9.51061
9.21961
9.38391
9.3909
9.19167
9.58112
9.34339
9.371
9.53479
9.18049
9.40802
9.45452
9.2396
9.96217
9.54629
9.81786
9.29915
9.31943
9.63603
9.38812
9.32971
9.33139
9.45921
8.83165
9.20239
9.91515
9.50576
9.37364
9.15123
9.25141
9.38096
9.1772
9.16865
9.11929
9.37315
9.85709
9.61757
9.1614
9.4005
9.61637
9.48344
9.4311
9.64139
9.45517
9.41695
9.26446
9.32845
9.33366
9.41461
9.15026
9.70358
8.76756
9.16065
8.99069
9.00896
8.91206
9.51952
9.32388
8.84967
8.87767
9.18075
9.35615
8.7386
8.91405
8.66558
8.85548
9.0855
8.8537
9.26387
8.83292
8.86711
9.2601
9.12899
8.89706
8.61174
8.94097
8.78684
9.3287
8.64891
8.66265
9.20379
8.81477
8.79513
9.11429
9.01707
8.9651
9.05927
9.18523
8.93122
9.07578
8.86293
8.99548
8.93185
9.29796
8.86755
9.05603
9.10351
8.8045
8.99048
8.91141
8.9913
9.27534
9.28041
8.96284
8.7662
9.06214
9.00682
9.25737
8.64643
8.71173
9.15094
8.94712
9.419
9.03133
9.34361
8.86095
9.154
9.25061
9.53751
9.29835
8.53207
8.77912
8.97586
9.20742
9.15966
9.30818
9.09215
9.21679
9.05315
9.33546
8.7467
9.1011
9.13956
9.11243
8.86836
9.22738
9.2561
9.27761
9.06094
9.24462
9.27237
9.24169
8.49926
9.15468
9.18259
9.02272
9.2138
8.92138
9.07965
8.86116
9.0645
8.83032
9.14709
9.11384
9.25393
9.18728
8.95021
8.8444
8.80251
9.16402
9.0663
8.666
9.08921
9.14402
9.15993
9.19443
9.13645
9.07287
8.90196
9.12079
9.2576
9.24909
9.3588
8.96676
9.35082
9.00126
8.82234
9.02185
9.2599
8.96867
8.95167
9.00636
8.63025
9.08231
9.04397
9.71219
9.08714
9.17141
8.9039
9.52776
8.93712
9.24938
9.34235
9.45762
9.2773
8.78942
8.99893
8.7261
9.13255
9.25141
9.32408
9.12491
9.31494
9.11542
9.24288
9.03251
8.83299
9.37024
9.24299
8.97537
9.06333
9.0462
9.21415
9.24622
8.63601
9.46201
9.04373
8.90112
8.65688
9.02129
8.75999
9.41147
9.01563
9.14652
9.25919
9.24247
9.17135
9.29269
9.39066
8.90619
8.91148
9.60218
9.21393
8.95685
9.08204
8.94597
9.10762
9.02334
9.39094
9.02037
9.35045
9.4365
9.30267
9.0983
9.28133
9.3516
9.22296
9.20544
9.1815
9.14561
9.27486
9.10334
9.45685
8.67016
9.22119
9.33053
9.40114
9.1955
9.2842
9.33698
9.13231
9.28469
9.13289
9.26731
8.87821
8.7985
9.19318
9.33808
9.36994
9.18417
9.43375
9.17162
9.35039
9.42007
8.98543
9.24998
9.21049
8.89021
9.03634
9.03055
9.19411
9.1503
9.18469
9.18619
9.04802
9.19723
9.04306
9.4893
9.23716
8.80227
8.88727
9.12256
8.65155
9.52531
9.38101
9.25041
9.15897
9.35471
8.83478
8.79286
9.11433
9.13773
8.7786
9.24211
9.29745
9.14537
9.19723
9.11021
9.00435
9.56035
8.90145
9.08379
9.32911
8.97365
8.86109
9.20922
9.21091
8.80162
9.24733
9.36294
9.08333
9.21034
9.03465
9.00322
9.13328
8.69907
8.76127
9.5075
8.99567
9.14714
9.39223
9.44224
9.50648
9.02653
9.27437
9.2793
8.77965
9.1924
9.19175
9.00606
9.40369
9.0954
8.86972
9.30803
9.17783
9.21041
9.24177
9.12792
8.88654
8.89623
9.08851
9.1447
9.21089
8.97036
9.1575
9.3814
9.10581
9.08618
8.81755
8.64553
9.07248
8.65187
9.27097
9.51251
9.00866
8.9874
9.10042
9.21368
8.85905
8.73989
9.11966
9.19541
9.12401
8.76578
8.83077
8.73285
9.05127
9.12684
9.11317
8.76221
8.97163
9.09946
8.89629
8.84352
8.82363
8.75248
9.22947
8.84705
9.29406
9.40262
8.73079
9.17391
9.07189
8.95924
9.18805
9.23485
8.97105
8.79067
9.17377
9.3194
8.81261
8.87186
8.8268
9.19311
9.2813
8.96389
9.05852
8.74692
9.28707
8.57838
9.03944
8.9807
9.22858
9.64801
9.01837
9.14962
8.93278
9.44874
8.86737
9.20976
9.28884
8.88013
9.29107
9.33992
9.42149
9.2016
9.46503
9.10848
9.38868
9.25674
9.22571
9.40001
9.2692
9.01501
9.40779
9.31456
9.27771
9.25515
9.19972
9.05811
9.14727
8.82597
9.30461
9.12239
8.81137
9.27836
9.22748
8.88158
9.2923
8.82351
9.05188
8.99003
8.5725
9.21226
9.18124
9.23304
8.88157
8.89646
9.10494
9.03158
9.07776
9.41006
9.63293
8.86788
9.32437
9.14575
9.2805
9.18549
9.32705
9.20905
9.08215
8.89662
9.53865
9.17679
9.37998
9.25243
9.50153
9.09852
8.75083
9.05205
9.35366
9.51632
9.36658
9.56457
9.07587
9.23238
9.29904
9.23757
9.51042
9.42225
9.64301
9.0953
8.912
9.1182
9.20646
9.45145
8.87222
9.41173
8.67238
9.30277
9.10938
8.9888
9.05243
9.41953
9.3352
9.41571
8.93342
9.00498
8.89633
8.9806
9.23618
9.02619
9.21122
9.26697
9.3947
9.7015
9.54681
8.69447
9.08546
9.05955
9.35466
9.25411
9.12615
9.37676
9.15869
8.87972
9.00581
9.24838
8.74309
9.36407
9.2266
9.32051
9.33602
9.03342
9.12908
9.07065
9.08794
8.89135
9.2248
9.18921
9.09345
9.18494
9.14841
9.22881
9.37752
9.38445
9.20288
9.35098
9.34827
9.49568
9.38271
8.76119
9.52482
9.34559
9.12881
9.52748
9.76906
9.30825
9.31991
8.90664
9.58372
9.71235
9.19346
8.82793
8.99813
9.27664
9.1656
9.48911
9.15899
9.27079
9.23392
9.24253
9.60856
9.11192
8.96801
9.25716
9.16585
9.32216
9.32176
8.96016
8.82828
9.22042
9.3103
9.10601
8.90162
8.88549
8.90389
9.02047
9.01629
9.09229
9.00002
9.27265
8.91292
9.28876
9.11253
8.95087
8.87871
9.39306
9.18657
9.01829
9.18859
9.3344
9.38136
9.23679
8.96878
9.23018
9.14055
9.08809
9.2789
8.95084
9.17924
9.07525
9.30268
8.71344
9.02028
8.93198
9.05867
8.93094
8.74326
9.06996
9.04677
9.68537
9.08991
9.00155
9.17529
9.22904
9.15244
9.0375
8.90327
9.41718
8.74468
9.13674
9.03088
9.19696
9.0058
9.00254
8.9593
8.72385
9.34276
8.88037
9.02281
8.87239
8.78135
9.01274
9.28548
8.94871
9.05693
8.67959
9.0372
8.88396
8.69321
9.28503
9.10518
9.32252
8.91562
9.13635
9.01964
9.24947
8.85538
8.83047
9.02123
8.74357
9.23508
9.15568
8.92999
9.25068
8.93077
8.97027
9.13248
8.94244
8.69566
8.81157
8.83784
9.22479
9.27512
9.18074
8.9758
8.569
9.1667
8.83364
9.19006
8.64478
9.47884
9.14523
9.27691
9.2724
8.92927
9.06552
9.32487
9.13178
8.96935
8.98402
8.81609
9.40089
8.91212
8.94971
9.25857
9.15993
9.38065
8.91113
9.43853
8.92911
8.70364
8.81607
9.38985
9.0733
9.15149
9.46423
9.48436
9.1635
9.12962
9.52325
9.2308
8.68267
8.89556
9.25212
9.53704
9.02393
9.18864
9.13172
9.25007
8.834
8.87572
8.77176
8.631
9.16934
8.8457
9.23517
9.07633
9.02663
8.95429
9.36595
8.98915
9.2033
8.95787
8.83035
9.3123
9.35262
9.23418
8.98105
9.28498
8.94175
9.07928
8.77656
8.84696
9.24996
9.17438
8.71854
9.26839
8.69446
9.05352
9.40275
9.15362
8.69532
9.21757
8.9591
9.12147
9.14249
8.65108
9.35985
9.00071
9.12743
9.22025
9.14009
8.80508
9.09597
9.27673
8.981
9.1853
8.90923
9.17296
9.34302
8.932
8.48955
9.11842
8.98422
9.34922
8.47198
8.6812
8.92471
9.30388
9.44636
9.28941
8.89003
8.94672
9.13267
9.18851
9.28845
8.82626
8.78846
8.94799
9.20154
8.96616
8.95455
9.3715
9.18547
9.18208
9.24704
9.12447
9.45386
8.92123
9.01325
8.93175
9.16613
8.943
9.27661
9.46123
9.24841
9.1667
9.01906
9.33696
9.06768
9.24575
9.07119
9.11
8.83849
9.46596
9.15412
8.69845
9.62726
9.14873
9.03769
9.27914
9.20465
8.92085
9.06974
9.15072
8.81334
9.13837
9.29988
8.98516
9.21618
9.07977
9.37629
9.05245
9.24693
9.38208
8.99019
9.26844
9.12658
9.16013
8.86728
8.62776
9.28254
9.228
9.30071
9.15967
9.38006
9.41586
8.70841
9.19347
8.77152
9.16835
9.04846
9.49618
9.19949
9.11114
9.22866
9.0368
9.43287
9.18302
9.41568
9.53069
9.16603
9.47754
9.59505
8.76605
9.45562
9.31758
9.20311
9.01728
9.47791
9.06136
9.26485
9.09625
9.17256
9.29853
9.05921
8.9251
9.33981
9.51742
9.15093
9.44733
9.24469
9.54171
8.92893
8.96923
9.24584
9.14791
9.19018
9.26602
9.18503
9.7292
9.1359
9.38898
9.02916
9.16928
9.0321
9.42361
9.20397
8.94399
8.97382
9.20674
9.50706
9.03722
9.06127
9.6034
9.02276
9.3157
9.6934
9.64208
9.14329
9.4583
9.60597
8.96136
9.26591
8.92958
9.68317
9.37145
8.72663
9.09251
9.2211
9.38206
9.48172
8.5522
9.35478
9.21884
9.30532
8.94269
9.12097
9.28377
8.87679
9.28783
8.87761
9.1189
8.9844
9.04863
9.059
9.13008
8.70784
8.94294
8.99139
8.80937
9.29289
9.20175
9.17733
8.47053
9.25451
9.07943
9.30193
8.65639
9.13602
9.30657
8.97917
8.86157
9.44676
9.14734
9.24273
9.09608
9.11675
8.83747
9.02473
8.79767
9.2056
9.18602
9.05598
9.28289
8.65716
9.37622
8.65757
9.72426
8.50335
8.84654
8.92025
9.32246
9.27674
9.11267
8.79991
8.67973
9.31404
9.24847
9.27816
9.13709
8.7503
9.19698
8.92092
9.21641
9.34064
9.3092
8.99884
9.07018
9.12988
8.81022
9.15002
9.19658
9.11601
9.05109
9.15072
8.73783
9.13802
9.29012
9.08763
9.32656
9.08591
8.90153
8.92949
9.28396
9.32427
9.45592
8.69341
9.2723
9.06129
9.24841
9.13421
8.96549
8.99272
8.99027
9.24336
8.98102
9.43168
9.36201
9.14122
9.07563
8.91477
8.59517
9.23684
9.47538
8.72342
9.5577
9.22279
9.16515
9.36743
9.15465
9.12427
8.89584
9.09318
9.11858
8.88806
9.12909
9.00242
9.10503
8.69626
8.95341
9.29121
9.39433
8.9568
9.12076
8.91075
9.0297
9.18261
9.52816
9.09946
8.86199
8.78789
8.92246
9.20129
9.17176
8.56607
8.95053
9.33937
9.16835
9.3899
9.4428
9.46082
9.15338
9.23003
9.37431
9.10386
9.24624
9.09878
9.07821
9.36208
9.06881
9.28711
9.06807
9.44813
9.4781
9.06744
9.32065
9.0337
9.06994
9.07244
9.27652
9.00075
9.18076
9.03284
9.09378
9.4134
9.08288
8.87726
9.16169
9.24109
9.22528
9.14776
9.15942
9.45525
9.39654
9.12097
9.32043
9.00986
9.45334
9.09168
8.79481
8.973
8.947
9.40617
9.22532
8.9431
9.28224
9.09031
9.13806
9.23297
9.15694
9.14708
9.1855
9.61647
8.88197
9.14453
9.24709
8.98206
9.0721
9.47032
9.03242
9.41907
9.24378
9.00703
9.03818
9.43058
9.3599
9.15147
9.2395
9.52349
8.81233
9.52261
9.40117
9.49075
9.03664
9.01742
9.22292
9.22592
8.86266
9.07393
9.27329
9.17195
9.03103
8.82234
8.97282
8.87077
9.48376
8.97253
9.3764
8.94565
8.77499
8.9479
8.90705
9.09141
9.11366
8.96058
9.0516
9.19615
9.26407
9.03487
9.34943
8.90181
9.46792
8.98898
9.01783
9.24125
9.27699
9.31887
9.09834
9.00888
9.08201
9.44141
9.11252
9.30614
9.15585
9.15562
9.61053
9.20981
9.38813
9.16277
8.67896
9.18785
8.97986
9.28192
9.0576
9.03955
8.97876
8.98703
9.53743
9.23214
8.89473
9.09943
9.02372
9.58376
8.95019
9.00933
8.90786
9.34598
9.2157
9.63172
8.89014
8.98458
9.22687
9.11352
9.44419
9.09903
9.49641
8.84427
9.36511
8.94152
9.39984
9.57673
9.67555
8.96583
9.27932
9.16135
9.26298
9.20779
9.48905
9.68406
9.13721
9.13661
9.39127
9.19541
9.30827
8.95032
9.09195
9.44314
8.8937
9.53336
8.93955
8.97218
9.3483
8.78882
9.10166
9.44372
9.32438
9.44721
9.351
9.12991
9.52399
9.41875
8.74434
9.11556
9.5102
8.80169
8.82833
9.44161
9.33338
9.28065
9.35241
9.08562
9.28445
9.20436
9.21267
9.51888
9.45655
8.94947
9.53586
9.47401
9.24089
9.49107
9.31935
9.34794
9.67599
8.79133
9.04007
9.07822
9.39816
9.65477
8.95143
9.17492
9.42331
9.42749
8.9228
9.07307
9.23919
9.15451
9.3093
9.19187
9.35062
9.26193
9.16318
8.87403
9.01692
8.78813
8.58148
9.11036
8.98458
9.30055
9.07532
9.04014
9.03003
8.90825
9.57434
8.47498
8.8366
8.91628
9.27624
9.01827
8.77716
8.80254
9.17591
8.86567
8.71068
8.9321
8.71825
8.86879
9.35896
9.03493
8.98508
8.89298
9.0814
9.34843
8.86651
9.13053
8.84563
9.17103
8.92081
8.95865
9.11036
8.59035
9.11107
9.14445
9.76762
9.41191
9.23785
9.0508
9.36785
8.95817
9.18055
8.94032
9.19157
9.33015
9.43707
8.88634
9.37607
8.98697
9.21198
9.19499
8.75515
8.88039
9.03131
9.22434
9.06013
8.88514
9.42664
9.38025
9.21159
9.37756
9.32377
9.54381
9.02206
9.43227
9.21618
9.49034
9.29268
9.18241
9.25854
9.02035
9.05451
8.84392
8.85617
8.77743
8.87474
9.17049
9.27919
8.87845
9.07929
9.44277
9.36212
9.52228
9.12005
9.31369
9.0194
8.91003
9.24978
9.24526
9.0456
8.9196
9.10247
9.23587
9.05827
9.07217
9.09851
8.69883
9.0819
9.10265
9.67497
9.0067
9.03682
8.91893
9.01665
8.90543
9.08823
9.02397
9.20096
9.18766
9.23855
9.23611
8.86267
9.0019
9.30641
9.37724
8.97291
9.3282
9.26184
8.69218
8.78633
9.33956
8.88398
9.19036
9.05215
8.99168
9.27287
8.57069
8.69285
8.90876
8.93234
9.2964
9.03012
9.18025
8.93801
8.90639
9.07652
9.40921
9.36763
9.01056
9.06709
9.33726
8.7
9.23757
8.85266
9.1729
8.99405
9.19577
8.98548
8.99224
8.91701
9.0611
9.53084
9.20091
9.08945
9.05705
9.62513
9.20063
9.13997
8.75715
9.37488
9.21465
8.936
8.89227
9.37077
8.82713
9.20131
8.79883
9.29434
9.18519
9.00359
9.28836
9.26162
9.10054
9.08338
9.25671
9.07928
8.63639
9.19948
9.35763
9.48485
9.30274
9.4129
9.16186
9.30165
9.55264
8.95063
9.50255
9.31793
9.08729
9.31609
9.16848
9.18658
9.41857
9.38148
9.29047
8.86406
9.41655
9.21821
8.65995
9.51214
9.29886
9.18594
8.74369
9.51725
9.82371
9.37982
9.27874
9.01437
9.3849
9.37295
9.42345
9.12324
9.18144
8.87517
8.96364
9.41004
8.73668
9.08085
8.94102
9.25885
9.44642
9.32487
9.14703
9.25889
9.12294
9.41747
9.10889
9.16654
9.13019
8.90064
9.27692
8.78181
9.45981
9.311
9.33804
9.15127
9.26236
9.25179
9.3977
9.3574
9.18114
9.3331
9.24943
9.07709
9.30641
9.0358
9.35441
9.29641
9.31332
9.15419
9.21792
9.17203
9.51907
8.72061
9.26938
9.00277
9.23376
9.18155
8.98618
8.89109
8.98021
8.96351
9.25772
9.01328
9.36892
9.24043
8.90747
9.12404
8.98239
9.37721
9.03017
8.69075
8.89651
9.10439
9.469
9.12085
9.33496
8.96172
8.83439
9.54335
8.6566
9.23107
8.98827
9.24062
9.22298
9.40269
9.18766
9.16531
8.97143
9.03886
9.38618
8.74947
8.6589
8.74358
9.03377
8.71301
8.6481
9.56856
9.20203
9.07925
9.15392
9.21394
9.30285
8.67707
9.43773
9.37398
9.02325
9.30433
8.86879
9.0524
8.77844
9.2421
8.9549
8.93923
9.25327
9.25662
8.99121
9.51285
8.79158
9.38919
9.10542
8.97459
9.33481
9.20673
8.9973
9.45893
9.13522
8.93296
9.20788
9.12295
9.22134
9.01122
9.06214
8.91673
9.68355
9.43034
8.69832
9.10488
9.10816
9.10123
8.9928
9.35263
9.11602
9.10298
9.31198
9.29362
9.45739
8.91012
9.0958
9.33926
9.0018
8.99782
8.88654
9.05428
9.32924
9.26989
9.06939
9.2048
8.9274
9.23303
9.4613
9.25357
9.40378
9.1704
9.32056
9.09163
9.12249
8.60251
8.91021
9.06546
8.66435
9.51039
9.28109
9.49439
9.45889
8.8379
8.90349
8.98493
9.00436
8.72926
9.25876
9.34304
8.97345
9.04868
8.8353
9.43788
9.23099
9.13199
8.73875
9.04993
8.69942
9.26753
9.1531
8.77603
9.40812
9.04087
9.62973
8.91256
8.96681
8.89252
9.43525
9.4446
9.23309
9.16049
8.74279
9.37828
9.40143
9.15351
9.13307
9.34316
9.55815
9.18704
8.93356
9.16535
9.60501
9.25563
9.0153
8.95694
9.27562
9.55542
9.04147
9.34026
9.09927
8.99859
9.36818
9.33881
9.29549
9.05409
9.25498
9.26365
8.97728
9.38558
8.83302
9.18389
9.19838
8.99253
9.1386
9.30695
9.40472
9.08974
9.16416
9.02071
9.05587
8.9881
9.45246
9.37729
9.33098
8.86601
8.96981
9.2439
9.19549
8.89507
9.09328
8.70809
8.98362
9.29603
8.74287
8.53071
9.09208
8.87226
9.70387
8.78318
8.89904
9.56761
9.39045
9.00477
9.49877
9.10609
8.85246
9.29079
9.27506
8.98861
8.94838
9.12328
9.34006
9.16758
9.12387
9.27538
9.43046
9.24902
8.79388
8.97919
8.89702
9.13143
9.07836
9.34178
8.93824
9.17346
9.38474
9.41627
9.4354
9.36179
9.29218
8.9128
9.2445
9.29901
9.57673
8.87321
9.37973
9.13561
9.20767
9.44695
9.4397
8.84102
9.42296
8.82974
8.89522
9.79862
9.55953
9.07774
9.5128
9.48275
9.60756
9.25844
9.28953
9.07935
9.36632
8.91697
9.18189
9.41101
9.25617
9.33079
8.97884
9.37277
9.17917
8.80363
8.85013
9.20321
8.88418
9.50735
9.01383
9.25352
8.98496
9.50081
9.13409
9.15491
9.39316
9.19038
9.53521
9.2358
9.06524
8.92985
8.81001
9.15598
9.01682
9.18037
8.69763
8.87764
8.88949
9.35303
9.01054
9.11371
9.19566
8.99789
9.28167
9.36475
9.18116
9.21066
8.81564
8.99782
9.02213
9.03067
9.02821
8.79956
8.95229
9.26902
8.79019
8.91449
8.82875
8.86868
9.40316
9.14668
9.06269
9.13373
9.06413
9.11865
9.14074
9.03325
8.54826
9.00744
9.06087
8.80807
9.19622
9.12617
9.81599
9.00062
8.98439
8.58876
9.14549
9.4046
9.04521
9.27548
9.50002
9.02715
9.3489
9.59697
9.30613
9.53855
9.26668
9.29231
8.76935
9.33209
9.13176
9.11883
8.69218
9.54963
9.19702
9.33429
9.72476
9.17126
8.67053
9.19755
9.60952
8.80343
9.10348
8.72236
9.36274
9.12066
9.02113
9.47918
8.89735
8.80041
8.96805
8.65302
9.16739
8.55679
8.99742
9.25183
9.05299
9.1479
8.94846
8.97581
8.76114
9.24134
8.7929
8.88189
8.99082
8.88673
8.7702
8.71665
9.14895
8.41553
8.89737
9.11405
8.82642
9.08561
8.48117
8.67689
8.89524
8.80479
9.16722
8.99546
9.28732
8.94577
9.10932
8.96169
9.05706
9.01226
9.22818
9.2565
8.96766
9.19387
9.03292
9.17867
9.00082
9.14034
8.97924
9.49462
8.5965
9.25915
8.64337
9.05602
8.92642
8.93904
9.33329
8.57515
9.19951
9.12628
9.4724
9.23003
9.53839
9.19354
8.41965
9.20336
9.5623
8.7994
9.47903
9.21739
9.07059
9.59556
9.36972
9.34159
9.36545
9.3639
9.67969
8.91707
9.02962
9.6391
9.15561
8.91163
8.86479
8.82696
8.87772
9.00239
9.0543
9.16214
9.16917
9.05607
9.41917
8.90355
9.33396
9.22683
8.82298
9.11486
9.3124
9.00894
9.27672
9.06359
8.94596
9.48715
9.02219
8.7444
9.34397
8.80248
9.52654
9.35883
9.36646
9.15974
9.15565
9.26836
9.29567
9.2888
8.89751
8.94043
9.43558
9.39392
9.52198
9.01967
9.30955
9.20705
9.1693
8.9509
9.35143
8.935
9.03239
9.10405
8.82048
8.65183
9.43032
9.01202
8.83307
9.47007
8.89679
8.86304
8.67678
9.18449
9.14687
9.38687
9.39325
9.22936
8.90201
8.81619
8.99191
8.64691
9.55979
9.35405
9.48573
9.54747
9.36429
9.45986
9.11803
9.12242
9.23487
9.17039
