28.7516
28.7277
28.6872
29.0765
28.5159
28.914
28.672
28.7022
28.9476
29.0199
29.086
28.8147
28.8223
28.6755
28.8039
28.5518
28.8571
28.9773
28.8437
28.8628
29.0864
28.8389
28.9133
28.9233
29.11
28.9321
28.8837
28.8337
28.8039
28.564
28.9486
29.0135
29.0215
29.3357
28.8852
29.0636
28.821
28.8597
28.9795
29.2923
29.1345
28.6345
28.85
29.1773
28.6079
28.7793
28.9113
28.8909
28.6419
28.5665
28.9706
28.8099
28.9014
28.6613
28.7906
28.8389
28.8344
29.3307
28.8373
29.4832
28.8648
28.9351
28.7802
28.5908
28.6976
28.7176
28.5068
28.6439
28.8646
28.8664
29.1694
29.2564
29.2241
28.8328
28.9759
28.6933
28.9915
28.6119
29.1711
28.8383
28.6852
28.5722
28.5967
28.5563
29.5257
28.9837
28.8034
28.8331
28.8883
28.6905
28.7145
28.44
28.8655
29.1486
29.2586
28.925
28.4335
28.8337
29.2005
28.6731
28.8283
28.8626
29.0619
28.8054
28.8605
28.8144
29.0233
28.8128
28.8368
28.6691
28.7314
28.514
28.7269
28.3155
28.6564
28.8348
28.8048
28.8071
28.7744
28.512
28.8483
28.5562
28.7834
28.3748
28.7254
28.6352
28.5267
28.9008
28.8217
28.909
28.7931
28.9086
28.934
29.0589
28.1521
28.7715
29.3035
28.828
28.8351
28.7301
28.7693
29.0719
28.6582
28.7044
28.9601
28.4733
28.8919
28.5311
28.8712
28.6429
29.065
28.784
28.5834
29.0984
28.5032
28.404
28.7783
28.7273
28.9107
29.0902
28.409
28.8051
28.7874
28.7414
28.8326
28.8705
28.5192
28.8143
29.1388
28.5568
28.7074
28.4809
28.7937
28.8461
28.3676
29.1316
28.9481
28.566
28.8617
28.8228
28.8062
28.9223
28.7131
28.7701
28.8527
28.8419
28.4315
28.6083
28.4922
28.6376
28.5789
29.2087
28.4376
28.5468
28.7596
28.6714
29.1172
28.4466
28.4648
28.6309
28.7975
28.947
28.7826
28.8289
28.7901
28.6852
28.842
28.5365
28.9358
28.2977
28.4088
28.5095
28.8477
28.381
28.7098
28.758
28.4889
28.5364
28.8212
28.7831
28.8517
28.7449
28.8962
28.5068
28.2812
28.4962
28.524
28.7658
28.9197
28.8791
29.1191
28.5088
28.6099
28.8298
29.1998
28.9928
28.5162
28.647
28.7398
28.5663
28.5554
28.6253
28.5334
28.9383
28.4821
28.6533
28.6226
29.2804
28.6619
28.6702
28.8747
28.8008
29.2339
29.1423
28.6168
28.5517
28.653
28.7491
28.7083
28.5845
28.9753
28.6665
28.579
28.4034
28.6252
28.41
28.7912
28.5427
28.5669
28.546
28.829
28.7323
28.7417
28.7243
28.6188
28.8394
28.6943
28.603
28.6764
28.5641
28.8152
28.9322
28.3893
28.4936
29.1224
28.6199
28.2217
28.5238
28.27
28.5631
28.4261
28.7498
28.4948
28.869
28.8099
28.9966
29.2336
28.6731
28.7293
28.8057
28.786
28.832
28.7449
28.8728
28.7034
28.8468
28.865
28.4892
28.9609
28.9409
28.7675
28.7785
28.656
29.0175
29.2227
28.5293
29.0557
28.9494
28.8691
28.7496
28.9298
28.7779
29.146
29.1903
28.6628
28.9349
28.8844
28.8935
28.9431
28.9166
29.3919
28.7368
28.8977
29.1708
29.1038
29.2368
28.7523
29.0135
28.5793
28.7426
28.9408
28.9483
28.6857
29.0072
28.9192
29.0587
29.0612
28.8524
28.8572
29.3938
29.0524
28.8918
28.964
28.9633
29.1309
28.8465
29.245
29.0541
29.0771
28.6716
28.6914
29.1999
28.9766
28.9977
28.7575
29.0588
29.1347
28.818
28.9868
29.1581
28.7648
29.0798
28.7484
28.6253
28.9945
28.8522
29.1979
28.9394
28.611
28.7352
29.1296
28.6087
28.4708
29.0105
28.7678
28.6846
28.7053
28.5853
28.7007
28.6174
29.0711
28.8233
28.5999
28.494
28.8856
28.9271
28.7078
28.8073
28.7346
28.5918
28.7582
28.7538
29.0179
28.5752
28.981
28.5874
28.8362
28.8322
28.6981
29.0083
28.6121
29.1974
29.2075
29.0481
28.7015
28.7297
28.5971
28.6513
28.8615
29.0753
29.0882
28.6673
28.7659
28.6867
28.7785
28.8952
28.8923
28.5244
28.7016
28.9171
28.8632
28.6975
28.6474
28.5009
28.6292
28.6216
29.2266
28.7554
28.6232
28.9064
29.3212
28.8092
28.8091
28.874
28.7047
28.929
28.744
28.3665
28.6823
28.9597
28.5825
28.6669
28.8776
28.4896
28.8634
28.5067
28.8538
28.6473
28.8954
28.9346
28.7535
28.6882
28.365
28.653
29.0267
28.6153
28.3856
28.6468
28.5274
28.829
28.8542
28.7223
28.8102
28.7844
28.7852
28.3229
28.7146
28.8773
28.424
28.7243
29.393
28.6055
28.7658
28.888
28.9984
28.738
28.7059
29.0234
28.6653
29.112
28.9682
28.6857
28.7921
28.5784
28.7332
28.7896
28.9234
29.183
28.7979
29.1165
28.9914
29.0098
28.8958
28.9578
28.8681
28.9233
29.0027
29.2827
28.4693
28.3984
28.5621
29.159
28.6655
28.9885
28.6894
28.7607
28.7633
28.5289
28.6382
28.9555
29.2388
28.4755
28.9283
28.8442
28.7227
28.9932
28.7614
28.6691
28.9992
29.0338
28.8641
28.9516
29.0955
28.8594
28.7045
28.8889
28.501
28.6788
28.9658
29.3793
29.1457
29.0591
28.9175
28.41
28.6618
28.9438
28.8361
28.7228
28.9957
28.6909
28.9627
28.8055
28.8415
28.5121
29.1105
28.7824
28.7556
28.8422
29.0785
28.7535
28.9822
28.4746
28.9217
29.1818
29.0022
28.7424
28.7378
29.1678
29.1597
29.136
28.7126
28.6618
28.9687
29.1435
28.8722
28.7277
28.4085
28.7807
28.9925
28.4176
28.7758
28.8021
28.9315
29.2362
28.9327
28.9961
28.6732
29.1573
28.6723
29.0978
28.9983
28.4373
29.0581
29.2417
28.8432
28.8521
28.8815
28.7059
29.2055
28.9757
28.8836
28.9774
28.3161
28.8608
29.1516
29.0498
29.05
28.91
28.6608
28.3875
28.7526
28.813
29.1178
29.1546
28.818
28.7262
29.0679
29.1639
28.9306
28.9657
28.6432
28.5049
28.5501
29.2176
28.9396
28.9089
29.0083
29.1384
29.1765
28.8176
28.8222
29.1941
29.1573
28.8593
28.9766
28.9265
28.678
28.5659
29.1209
28.824
28.6117
29.0192
28.8465
28.9004
29.2587
29.1586
28.9631
29.121
29.144
28.578
28.8442
28.7006
28.9713
28.4091
28.6386
28.8797
28.9439
28.7109
28.7365
28.8709
29.0748
28.7794
28.9124
29.2296
28.7917
28.7231
28.9648
28.5931
28.7095
28.5358
28.9652
29.0721
28.8747
29.0869
28.9849
28.7185
28.5359
28.4837
28.4861
29.0348
28.5026
29.1026
28.8876
29.2079
28.7016
28.7568
28.8502
28.8143
29.1973
28.9618
29.0886
28.5581
28.5918
28.6666
29.051
28.6042
28.9241
28.8983
28.9625
28.69
28.7715
28.8407
29.0494
28.4673
28.9011
28.8356
28.4215
28.6725
29.1834
29.1657
28.6778
29.1278
28.7726
28.7774
28.2203
28.9436
28.9733
29.0532
28.9565
28.9803
28.8277
28.791
28.5408
28.9023
29.1718
28.5539
28.8758
28.8373
29.1879
28.863
28.7457
28.8923
29.0829
28.6273
28.7957
29.2813
28.7385
28.8971
28.6281
28.7129
28.8716
28.3489
28.7838
28.971
28.8692
28.6331
28.583
28.4423
29.0697
29.1372
29.2229
28.9457
28.9896
28.8118
28.695
28.72
28.7336
28.6791
28.5796
28.8406
29.0129
28.6703
28.747
28.7597
28.9522
29.2143
28.9322
28.5945
28.822
28.6223
28.7375
28.8484
29.0343
28.7884
28.6494
28.8983
28.7054
29.097
28.844
28.4195
28.9126
28.4355
28.6338
29.0521
28.9684
28.8022
28.9595
29.0211
28.6663
29.1941
28.6725
28.8096
28.7261
29.1236
28.8939
29.0011
28.9849
28.4651
28.7264
29.1547
28.8514
28.5874
28.6684
28.6911
28.9345
28.7686
28.5621
28.751
28.7409
28.7219
28.4591
28.8637
28.407
29.0713
29.1396
29.2321
28.9518
29.0008
28.7577
28.7091
28.881
28.8805
28.9606
28.9139
28.59
28.532
29.0403
29.1674
29.0565
29.0925
28.7346
28.6737
28.8978
29.1176
29.0103
29.2613
28.8459
28.6715
28.7853
28.7496
29.2569
28.9236
28.9131
29.1369
29.0206
29.0377
28.7412
28.8788
28.717
28.7749
29.0309
28.7491
28.8333
28.6382
28.5252
28.7007
28.8496
28.4375
28.6947
28.6034
28.6203
28.4456
28.8828
28.8333
29.0347
28.7182
29.2025
28.5213
28.9303
28.8641
28.6219
28.8784
29.0754
28.6761
29.1803
28.7641
29.0679
29.3049
29.0602
28.8905
28.6221
28.7454
29.066
28.6759
28.5002
28.8749
29.156
29.0897
28.5399
29.0473
29.482
28.9658
28.4533
28.84
28.5804
28.6896
28.8635
29.0055
29.1713
28.7881
28.5886
28.6274
28.7029
28.6096
29.1317
28.8608
28.8275
28.9716
28.7872
28.7562
29.0672
28.5257
28.7684
28.3661
28.7764
28.4945
29.2875
28.7212
28.915
28.6718
28.352
28.9422
29.011
29.1059
29.0507
28.9183
28.6918
28.317
28.9249
29.0447
28.8165
28.8829
29.1126
28.9324
28.4958
28.7462
28.8986
28.8797
29.0315
28.8545
29.0711
28.4106
28.4624
29.0419
28.6387
29.0026
28.7747
29.2114
28.8298
29.0669
28.5971
29.1123
28.7431
28.7401
28.8536
28.6013
29.0831
28.6935
28.7888
28.9739
29.0009
28.8612
29.1446
28.6963
28.8301
29.1201
29.0686
28.7878
28.9504
29.0811
28.9912
28.8647
29.1543
28.697
29.3315
29.1277
28.5916
28.9225
29.1466
29.1029
28.638
28.8736
29.0017
28.7576
28.866
28.9721
29.1495
29.499
28.7532
29.197
28.7384
28.6849
29.2046
28.9864
29.4726
28.8056
28.8106
28.9503
28.9298
28.5265
29.3224
28.7653
28.8628
28.6674
28.6814
29.1688
29.2456
29.5008
28.4059
28.7531
28.822
28.6285
29.0853
29.2149
28.9213
28.9528
28.8332
28.7018
28.8036
29.0508
29.1452
29.2296
28.8412
28.9562
29.0011
28.8652
29.0497
29.2019
28.7217
29.1236
28.9155
28.8197
29.0165
29.4071
28.8622
28.8903
28.8291
29.0686
28.397
28.9743
29.2216
29.035
29.1825
28.9142
28.9459
29.2512
29.304
28.8595
28.9934
29.1133
28.3285
28.6472
28.6532
28.7354
28.9306
28.8903
28.6386
28.9873
28.8039
28.4522
28.8478
28.6228
28.9773
29.1911
28.5829
29
29.1004
29.2314
28.8616
28.9401
28.7074
28.5038
28.6769
28.9373
28.6481
29.3131
29.1475
28.6466
28.7212
28.971
28.7037
29.2477
29.1829
28.9669
28.9877
28.7203
29.0492
28.5953
28.9866
28.8226
28.6146
28.4849
29.2892
29.1724
28.8182
29.1739
29.1137
28.5281
28.8053
28.6309
28.8494
29.2948
28.7651
28.6385
29.0463
29.2847
28.9639
29.2926
28.9619
28.7826
29.2267
28.9615
29.1566
28.417
28.8105
28.9659
28.8824
28.9587
28.958
28.765
28.8173
29.0771
28.8085
28.8244
28.7143
28.483
28.4267
28.7112
28.8672
28.6571
28.8657
28.7053
28.3481
29.1947
28.7529
28.5762
28.9092
28.5667
28.6531
28.5434
28.7211
28.9507
28.8911
28.7049
28.9914
29.0805
28.669
28.9247
28.5744
28.6811
28.847
28.4078
28.8896
29.0215
29.0251
28.3756
28.4917
28.7116
28.508
28.9766
28.9954
28.9596
29.0863
28.7536
28.6744
29.1096
28.9677
28.9062
29.1383
28.962
28.6863
28.9365
29.0015
28.4504
28.9188
28.8851
28.7536
28.2434
28.759
28.8328
28.8
29.4006
29.1657
28.4028
28.8876
28.5473
28.5303
28.5994
28.7081
29.2911
28.8097
28.336
28.8501
28.7831
29.0234
28.7036
28.7685
29.0572
29.1063
28.9047
28.3875
28.7916
28.8021
28.6891
28.43
28.5317
28.7931
29.195
29.0118
28.9727
28.8757
28.9271
28.8327
28.8715
29.0793
29.0483
29.2059
28.7752
28.8651
29.1518
29.1986
28.7042
28.8605
28.9346
28.9133
29.181
28.5481
28.999
28.9353
28.7984
29.0844
29.0945
29.3058
28.6183
28.9623
28.9332
28.3475
28.5474
29.2605
29.2136
28.8926
28.7737
28.5829
28.9278
28.7512
28.7222
28.7326
28.8417
29.0601
28.7209
28.8484
28.7833
28.7243
29.0181
29.1907
28.845
28.9215
28.5546
29.1003
28.8827
29.073
29.3021
29.0998
28.1858
28.8127
28.9976
29.0448
29.3496
29.1508
28.7421
28.8034
28.9691
28.69
28.9804
28.9388
29.0328
28.5819
28.6066
29.0829
29.1504
28.4685
28.947
29.2789
29.2667
29.4485
28.9363
28.8163
29.0323
28.9657
29.2524
28.8747
28.7579
28.6514
28.7324
29.0181
28.6412
28.591
28.9982
29.1383
29.1089
28.7001
28.8904
28.9244
28.7712
28.6057
28.8429
28.6255
28.6769
28.9175
28.7574
29.0596
28.5151
28.8387
28.6363
28.7088
28.6657
28.8291
28.8262
28.6981
28.6389
29.2614
28.3862
28.1935
28.8745
28.9812
28.9947
28.8618
29.1187
29.0853
28.6008
28.5253
28.9745
28.6999
29.1009
28.8951
29.2289
28.6497
28.9163
28.8036
28.7818
28.8345
29.1516
29.0238
28.5995
28.7582
28.7974
29.0135
28.7812
28.6853
28.8217
28.9928
28.8878
29.1548
29.2696
28.325
28.918
28.4774
28.8319
29.0551
28.758
28.7523
29.1248
28.5508
28.9324
28.7563
28.6516
29.1009
28.8829
29.0933
28.8225
28.8363
28.9209
28.9798
28.8098
29.2329
28.7499
28.7917
28.6801
28.9043
28.9117
28.5509
29.0938
29.0542
28.8595
28.648
29.1494
29.0485
29.0724
28.6615
28.7452
28.9601
28.8317
28.9737
28.8393
28.5349
29.2939
28.8909
28.8152
29.0539
29.0517
28.9932
28.7183
28.9532
28.8115
29.3633
28.7648
29.1483
28.7298
29.2441
29.2144
28.4322
28.8327
28.8327
28.7999
28.9546
29.0093
28.7066
29.0695
28.9347
28.574
28.9232
28.9169
28.9419
29.2677
28.9311
28.8932
28.9362
29.0244
28.8282
29.1066
28.9217
28.8545
28.7417
28.695
28.7112
28.8156
29.0919
29.3641
28.6788
28.6117
29.1677
28.7656
28.8416
29.3532
28.595
28.9866
29.2483
28.9246
29.0372
28.601
29.1634
29.0489
28.9943
28.7992
28.9162
29.213
28.6627
29.1886
28.8823
28.9243
28.9116
28.5992
29.2203
29.0248
28.4935
28.517
28.7532
28.8349
29.1868
28.7592
28.5343
28.2992
28.4499
28.8218
28.6827
28.5736
28.4275
28.6396
28.8504
28.8751
28.6299
28.9129
28.3904
28.4508
28.9784
28.4788
28.9222
28.7813
28.6042
28.4985
28.7025
28.5388
28.9534
28.5316
28.4633
28.7157
28.3931
28.5677
28.586
28.7717
28.6799
28.3202
28.3985
28.5198
28.66
28.826
28.9837
28.5539
28.8184
28.7035
28.6258
28.4949
28.3197
28.5652
28.7751
28.7287
28.241
27.9422
29.3159
28.8359
28.6888
28.3699
28.2419
28.8512
28.5325
28.7148
29.1562
28.5407
28.7109
28.4187
28.584
28.677
28.638
28.7414
28.7868
28.5315
28.5285
28.2427
28.6652
28.2006
28.7897
28.7094
28.8135
28.5196
28.7242
28.8874
28.666
29.2491
28.7765
29.1843
29.1937
28.9401
28.9181
29.1811
29.0804
28.8721
28.8728
28.7862
29.2035
28.8673
28.4141
29.09
28.9465
28.9503
29.1992
28.9949
28.8625
29.03
28.8504
29.2772
28.98
28.7028
28.0859
29.2793
29.241
28.6796
28.7969
28.7642
28.6555
28.9787
29.0261
29.1519
28.9482
28.9477
28.8331
29.0852
29.3465
28.931
28.9101
29.3071
28.8849
29.1249
28.9589
28.6123
28.6654
29.2169
28.8888
28.3333
28.5796
28.869
28.8165
28.9767
28.9463
28.9136
28.4841
28.8059
28.4675
28.5721
29.0494
28.6613
28.8318
28.9075
28.7518
29.1559
28.9067
28.8998
28.9
28.9357
28.6994
28.7311
28.6853
28.6039
28.982
29.3673
29.1232
28.6819
28.8397
28.8142
29.1456
28.6899
28.7564
28.873
28.5898
28.7086
29.0253
28.6091
28.867
28.8745
29.05
28.9341
28.7835
28.8766
29.1756
29.2591
28.9896
28.9377
29.025
29.018
28.8241
28.9502
28.7024
29.0363
29.0021
28.865
29.0089
28.9645
28.8844
28.8895
28.5858
28.8845
28.8308
28.6209
28.5687
28.8271
28.5725
28.8891
28.9408
28.7443
29.1679
29.2232
29.2827
29.268
28.8024
28.5373
28.4036
29.0031
29.4131
28.7215
28.5928
28.4678
28.6439
29.2172
28.7836
28.9525
28.5783
28.991
28.8134
28.7525
29.3934
29.2599
28.9358
28.7751
29.279
29.0105
28.9735
28.8616
28.784
28.688
29.2901
29.2333
28.9301
28.91
28.5365
28.3782
29.0232
29.0005
28.5319
28.783
28.975
28.7569
28.8648
29.0373
28.89
28.9309
29.1459
29.0744
28.4751
28.9399
28.8897
29.0703
28.2655
28.7533
29.0124
28.4953
28.6197
29.0734
28.9737
28.5255
28.5977
28.9123
29.0542
28.6395
28.4569
28.6786
29.0861
29.089
28.6003
28.8639
28.675
28.9845
28.8817
28.6991
29.1165
28.896
28.6106
28.9627
29.031
29.2329
28.9779
28.9894
28.8806
29.1081
28.739
28.7634
28.6309
28.783
29.0597
29.0461
28.3999
28.5308
28.5506
28.8005
28.9213
28.6899
28.7192
28.7376
28.951
28.9687
28.9012
28.7118
28.5007
28.7813
28.7174
28.8524
28.9906
29.024
29.0239
29.1961
28.9924
28.916
28.9621
28.7501
28.9439
28.8521
28.7101
28.9508
28.8012
28.4314
28.9152
28.7786
29.0142
28.9139
28.8031
28.9477
28.876
28.838
29.0395
28.9117
28.8707
28.7518
28.9476
29.383
28.7436
28.945
29.0106
28.5301
28.8147
29.0334
28.7245
28.8969
29.0103
28.4812
28.9989
28.656
29.3137
28.9762
28.539
29.0826
28.7913
28.8087
28.9844
28.7687
29.3702
28.9514
29.0059
29.1063
28.8081
28.9985
29.011
29.0567
28.9852
28.8362
28.9429
28.7316
28.9596
29.0293
29.3471
28.8989
28.7875
28.7618
28.8123
29.1301
29.0375
28.9858
28.6366
28.7331
28.6345
29.1456
28.9117
29.5244
29.1132
28.9599
28.9736
28.6926
29.1507
28.8068
29.1015
29.1345
28.6092
28.9035
28.6576
28.6445
29.1078
28.9486
29.1922
28.729
28.6645
28.8351
29.0925
28.9172
28.6528
29.3709
29.1371
28.9042
28.7307
28.6114
28.8866
28.7789
29.1154
29.3753
28.8308
29.0768
29.0081
28.972
28.7761
29.4451
28.9076
29.2636
29.461
28.7899
28.8504
28.7646
29.0949
28.7601
28.6944
29.1568
28.8202
29.0511
28.8468
29.032
29.1402
28.79
29.3564
29.2842
28.8028
29.0317
29.2547
29.3156
28.8875
28.9495
29.0157
28.8174
28.8595
29.4359
28.6952
28.8983
29.0471
28.9068
29.117
28.8751
29.2535
28.7363
28.3961
28.9153
28.5726
29.1225
29.3408
28.9644
28.3903
28.8749
28.6067
28.9641
29.1712
29.0993
28.9146
28.7997
28.7471
29.2456
28.5743
28.9806
28.826
29.0436
28.7902
28.8555
29.0414
29.0415
29.0747
29.2141
28.9215
28.7774
29.0114
28.7227
29.1993
28.8363
28.7751
28.8272
29.1906
28.5454
29.2772
29.3489
29.0909
28.9094
29.1888
28.7281
29.0987
28.5958
28.8559
28.7375
29.2705
29.3045
28.847
28.9884
29.2213
28.977
28.5871
28.9361
28.8349
28.9029
28.9836
28.9833
28.7083
28.8903
28.9834
29.1898
29.2231
28.9669
28.5616
28.795
29.1172
28.7378
29.1601
28.9803
28.7259
28.5113
28.7329
28.9852
29.0594
29.2557
28.8702
28.6507
28.5129
28.9706
28.7349
28.8067
29.1131
28.6867
28.6166
28.7978
28.8888
29.0789
29.1786
28.763
29.3933
29.292
29.1009
28.7136
29.1484
28.9593
28.78
29.0876
28.8673
28.5536
29.2015
28.9245
28.7773
28.9493
28.854
28.9332
28.9737
28.8222
28.4336
28.8756
29.3273
28.9399
28.6865
28.8388
28.7885
28.8297
28.6601
28.3847
29.0785
29.1274
28.6487
28.532
28.6787
29.0905
28.3974
28.8215
28.8797
28.643
28.8881
28.978
28.7178
29.2782
28.3713
29.0988
28.9213
28.4945
28.9981
29.4862
29.2203
28.8601
28.9014
29.0529
28.8871
28.6904
28.9431
28.7909
28.7098
28.4221
28.6214
28.9901
29.3263
29.2897
28.771
29.0098
28.6224
28.7691
29.0833
29.0142
29.2317
29.0201
28.7143
28.6748
29.1028
28.847
28.9001
28.9518
28.929
28.5749
28.7179
28.7297
28.9537
28.8011
28.6413
28.7611
29.0329
28.6755
29.138
28.9674
28.5471
28.7969
28.715
29.1696
28.7039
28.5089
28.965
28.9178
28.684
28.8151
28.6363
29.0155
28.7445
28.9142
28.937
29.1044
28.8801
28.7617
28.7542
29.001
28.8954
28.4462
28.8499
29.0218
28.7638
29.0309
28.8699
29.102
28.6896
28.5041
29.1329
29.2416
28.3868
28.8317
29.0189
29.0135
28.7029
28.6773
28.8483
28.6736
28.8636
28.5031
28.6841
28.8862
28.883
28.6395
29.153
29.0539
28.8093
28.3508
28.6752
28.7539
29.0786
29.0509
29.0911
28.7235
28.8205
29.297
28.9159
28.8836
29.0295
28.8834
29.0443
29.1314
28.8237
28.8953
28.7702
28.9492
28.4717
29.4396
28.9782
28.8932
28.7859
29.1118
28.4483
29.0142
28.7723
28.8674
28.5637
28.5118
28.6518
29.385
28.9411
29.1544
28.8353
28.5619
28.8743
29.0767
28.8856
28.9741
28.8832
28.6267
28.5096
28.7629
29.1216
28.7236
28.9991
28.9155
28.5278
28.6128
28.7801
28.5726
28.9997
29.0415
28.516
29.1211
29.1434
28.7427
28.8005
29.0185
29.1652
29.192
28.4477
28.6532
28.9293
28.9885
28.6127
28.4817
28.3149
28.812
29.1449
28.5996
28.5286
29.0737
28.6508
29.3712
28.7112
28.967
28.967
29.2395
28.3982
28.7708
29.2555
28.9958
28.9875
29.2285
29.0879
29.1067
28.7528
28.6582
28.6549
28.6017
28.7583
29.0551
29.1567
28.3442
29.2445
29.1257
28.9444
28.9169
28.6192
28.9709
28.6072
28.9987
29.0264
28.6512
28.9609
28.884
28.9407
28.9426
29.1654
28.9621
29.0728
28.6391
29.1703
28.4795
29.2083
29.315
29.0427
28.7405
28.8609
28.5828
28.997
28.797
28.82
29.1382
28.6893
28.8342
29.1514
28.4918
28.774
29.1962
28.7458
28.9661
28.9035
28.9806
28.7128
28.8383
29.1108
28.8906
28.8071
28.6407
28.5832
28.9776
29.0133
29.4486
28.7561
29.0299
28.924
28.8362
29.1484
29.2817
28.9042
28.8543
29.0359
28.7898
29.3163
28.8545
29.0359
29.0717
28.863
28.7351
28.7931
28.6487
28.582
28.874
29.1566
29.2187
28.5272
28.9409
29.2767
29.091
28.8521
28.8764
28.8737
29.0386
29.3881
28.9247
28.82
28.7157
29.2151
28.6109
29.0958
28.9572
28.6878
28.8072
28.5801
28.9463
29.3093
29.1372
28.5838
29.0361
29.0927
28.7058
28.5402
28.6441
28.6544
28.988
28.7946
28.9
29.1839
28.7711
28.9691
29.0292
28.9955
29.0861
28.9229
28.8375
28.4086
29.0312
29.4543
28.8197
28.6976
28.8175
28.6982
29.1253
29.2188
29.2035
29.2247
28.9142
28.8883
29.013
29.1362
28.9179
28.9584
28.8682
29.0139
28.8642
28.8747
28.672
29.1457
29.4122
29.0724
28.6338
28.9023
29.0593
28.859
28.9409
28.6794
28.8613
28.917
28.861
29.0424
29.0055
29.024
28.813
28.6279
29.0603
28.7188
28.7696
28.7731
28.6828
28.5541
29.28
29.124
29.0504
29.063
28.8861
28.1752
28.9712
29.0608
28.8322
28.4041
28.7586
28.7402
28.8404
28.5926
28.8805
29.0109
28.5443
28.7844
29.2203
28.9853
28.6753
29.0026
29.1568
28.9292
29.1602
28.9727
28.6384
28.7169
28.736
29.1407
28.6178
28.6576
28.8899
29.0208
28.7189
28.9907
28.5939
28.4875
28.962
28.3894
28.8836
29.3186
28.9775
28.9286
28.6978
28.9858
29.027
29.0894
28.8473
28.9766
29.1769
28.9322
28.7494
28.7226
28.6258
28.7315
29.3566
29.0827
28.8033
28.9553
29.0302
29.0015
28.6819
28.57
28.9388
29.1047
28.7901
28.9213
28.5799
28.7596
29.1047
28.9316
28.9912
28.7037
28.327
28.9799
28.9929
29.0189
28.7042
29.0777
28.8314
28.7495
28.5728
28.9682
29.0581
28.709
29.0497
28.8369
29.1117
28.7326
29.0762
28.9525
28.9672
28.6944
29.2621
28.8677
28.7539
28.6927
28.8893
28.7432
28.5595
28.7847
28.4436
29.1571
28.9351
29.12
28.5475
28.6248
28.7504
28.9888
28.8775
28.7711
28.4235
28.7261
28.6243
28.5641
28.9103
28.9532
29.2193
29.0873
28.8167
28.736
28.7893
28.7272
28.5912
29.0613
28.8188
28.9453
28.7384
28.7978
28.8459
28.9955
28.4647
28.9566
28.439
29.2118
28.6578
28.4257
28.9565
28.6752
28.8511
29.0876
28.8706
28.7094
28.6228
28.7461
28.6482
28.5573
28.622
28.6956
28.6944
28.5623
29.0229
28.5328
28.6427
28.8907
28.9678
29.2791
28.8972
28.4434
28.6859
28.9023
28.6584
28.7301
28.7181
28.5374
28.6207
28.6805
28.7629
28.4215
28.5689
28.9035
28.8444
28.7921
28.9281
28.6016
28.8601
28.9513
28.8078
29.0334
29.1094
28.7052
28.9604
28.9673
29.1774
28.6214
28.3379
28.967
28.5571
29.157
28.5677
28.964
28.7962
28.8436
28.9564
28.7113
28.6687
28.5228
28.4735
28.8313
28.9033
29.3292
28.4495
28.7901
28.9866
28.8076
28.8639
28.8781
29.1103
29.0666
28.8382
28.9415
28.4287
29.0212
29.0587
28.8892
28.7615
28.7103
28.8557
28.8575
28.7814
28.6159
29.066
28.8469
28.9737
29.0806
28.6086
28.5978
28.8546
29.1482
28.7948
28.7246
28.9332
28.3685
28.6374
29.0172
28.8503
28.5876
28.9392
28.1288
29.0758
28.717
28.8963
28.8086
28.7617
28.5704
28.7718
28.7431
29.0673
29.0084
29.052
28.8427
29.0232
28.9116
28.9738
28.6497
28.6736
28.6847
28.6669
28.7233
28.8059
28.6202
28.4072
28.9744
28.9598
28.7672
28.8787
28.8043
28.9273
29.0958
29.1429
29.2906
29.4641
28.9029
29.0745
29.1797
29.3686
28.9937
29.0098
28.8846
29.1352
28.8398
29.1325
29.0509
28.9941
28.8552
29.0023
28.9258
29.0587
29.3345
28.703
28.7538
29.164
29.0145
28.8926
29.2779
29.4898
29.3696
29.3456
29.1889
29.1729
28.9526
29.2516
29.0982
29.0719
28.7898
28.9224
28.9321
28.9857
29.433
28.9309
28.7583
29.0174
28.8795
28.984
29.2376
29.2718
29.009
28.9051
29.3077
28.9389
29.1408
28.7313
28.6886
29.0756
28.7659
28.8953
29.0806
28.4587
28.9718
29.3265
29.0477
29.0378
28.7659
28.712
29.3165
29.2814
28.8847
28.8515
28.6414
28.6849
28.3837
28.742
28.8037
28.3918
28.6671
28.7132
28.6604
28.4648
28.607
28.872
28.7961
28.7732
28.8116
28.5728
28.7266
28.8598
28.8291
28.9325
28.652
28.7279
29.0092
29.1984
28.8445
28.7389
28.5221
28.6703
29.0333
29.3195
28.4816
28.6874
28.4971
28.6597
28.8636
29.0756
29.2972
28.734
28.6398
28.663
28.8092
29.0082
28.8062
28.7284
28.8079
29.1753
28.7504
28.846
29.2144
28.9584
28.7738
28.8891
28.8067
29.0951
28.6967
28.7356
28.6066
29.0421
29.078
28.5924
28.6213
28.947
28.7407
28.828
28.7099
29.0337
28.7733
28.9776
28.7556
29.0298
28.5416
29.2551
28.8857
29.0853
28.6915
28.6093
28.8161
28.717
28.7318
28.8777
28.6976
28.722
28.799
28.7943
28.7731
28.6298
28.6108
28.7534
29.3723
29.017
29.1031
28.8859
28.8069
29.1793
29.3145
29.0691
28.8996
28.4985
28.7801
28.685
28.7901
28.8544
28.6607
29.0012
28.7989
29.0541
29.2519
29.3878
28.8133
28.9133
28.8017
28.6704
29.0742
28.9166
29.0924
28.8162
29.1288
28.7965
29.0612
28.5585
28.5306
28.716
28.6873
28.9383
28.9797
28.8455
29.0784
29.0109
28.9259
28.7258
29.0348
28.7205
28.9597
28.5783
28.8894
28.5005
28.9562
29.0216
28.8801
28.6377
28.7398
28.8863
28.9944
28.5208
28.9191
29.1663
28.8551
28.8789
29.0688
28.8856
29.0326
29.222
29.04
29.0823
28.6846
28.954
28.802
29.2006
28.8894
28.8642
28.6118
29.0291
28.9294
28.998
28.3266
28.9481
28.7758
28.9063
29.0891
28.7312
29.002
29.0548
28.7433
29.092
28.6972
28.9803
28.7412
29.324
29.5035
29.4146
28.5567
28.9804
28.8859
28.855
28.8691
28.4657
28.8577
28.9173
28.8101
28.8524
29.2511
28.7723
28.6283
28.8855
28.8617
29.2259
28.9992
28.7242
29.0765
28.9068
29.134
28.5869
28.4973
29.2752
29.0138
28.968
28.863
29.2154
29.3732
29.2386
29.0634
28.9302
28.8459
28.8886
28.9366
28.846
28.9324
29.0259
29.0399
28.7497
28.9466
29.2171
28.8037
28.6224
28.5906
28.5602
28.7842
28.6063
29.0511
28.6344
28.9041
28.9952
28.6011
28.9747
29.361
28.7809
29.0519
29.0209
28.6198
28.823
29.006
28.8185
29.1777
28.9938
28.5955
28.9843
28.7257
28.7065
29.0366
29.2331
29.0638
28.835
28.8554
28.9326
28.8644
28.9926
28.803
28.8271
28.8565
28.6076
28.7026
29.0245
29.0298
28.2353
28.4624
28.907
28.5895
28.6387
28.979
28.9809
29.223
29.0539
28.3932
28.8335
28.5876
28.6549
29.2946
28.7655
28.7893
28.8121
29.2651
28.8366
28.5793
29.142
28.6645
28.9047
28.7038
29.1505
28.92
29.2341
29.3744
28.3086
28.6672
29.0769
28.7468
28.578
29.0296
28.6138
28.9886
28.8209
28.4657
29.0359
29.0533
28.9863
28.8587
28.9789
28.7684
28.7693
28.6638
28.4913
29.0981
28.8104
28.9392
28.829
28.9283
29.009
29.0127
28.8343
29.3548
29.1284
28.597
29.0498
29.069
29.1931
28.8069
29.0682
29.0168
29.1773
28.5584
28.8682
28.8866
29.1186
29.1637
29.1685
29.0588
28.8424
28.9954
29.3345
28.8068
28.8448
29.2361
28.9482
28.8768
28.6003
28.8811
28.8759
28.8365
28.7307
28.7544
28.8501
29.181
29.2058
28.3231
28.7225
28.5117
28.7633
29.0001
29.2896
29.0077
29.0036
28.9827
29.1265
29.1604
29.1372
29.3972
29.0432
29.5399
29.0467
29.1646
28.7535
28.7131
29.021
28.9939
29.2468
28.8196
29.1206
28.7938
28.9435
28.7634
28.712
28.7738
28.5326
29.0835
29.1564
28.1717
28.7741
28.5687
28.804
28.6288
28.6635
28.9097
28.6121
28.5782
28.8072
28.7317
28.7628
28.9681
28.9407
28.9963
29.083
28.877
29.0107
28.699
28.8223
28.8264
28.4711
28.7749
28.6295
28.7604
29.1779
28.7716
28.8083
28.6365
28.7803
28.4328
28.9598
28.8861
28.9472
28.4201
28.4448
28.4186
29.0458
29.0473
28.9135
28.7135
28.5795
28.9533
28.6924
29.0897
28.5753
28.8438
28.5
29.0058
29.5202
28.4213
28.7375
28.5375
28.6345
29.3026
28.6474
28.7221
29.079
28.9216
29.061
29.434
29.0047
28.7708
28.8662
29.1696
28.8946
28.9313
28.8028
28.9899
28.9845
29.1921
28.7914
29.2467
29.4412
29.1503
28.907
28.7488
29.1119
28.622
29.2791
29.0801
28.7246
28.9623
29.046
29.2417
29.1078
29.2682
29.0331
29.0782
29.0885
28.7277
29.0452
29.2091
29.3228
29.2541
28.8421
29.0382
28.9202
29.4906
29.2356
28.7202
29.0291
28.5162
28.9487
29.1595
28.943
28.8682
29.1324
29.1183
28.9709
28.9
28.9481
28.9297
28.9652
28.8079
29.055
29.1644
28.7187
29.303
28.8606
29.1722
28.885
28.5264
28.8298
29.0851
28.7558
29.0225
29.6884
29.1193
29.0666
29.0161
29.1765
29.1385
28.6932
28.9074
29.0539
28.8764
28.9532
28.5036
28.8515
28.8723
28.5823
28.8538
28.9376
28.8891
28.9993
28.359
28.7545
29.1801
29.1437
29.1545
28.5564
28.5839
28.8634
28.8487
29.1212
29.2754
29.2278
28.8107
29.2214
28.921
29.0757
28.583
29.0403
29.0806
28.8357
28.9842
28.5412
29.0046
28.9615
29.2584
28.18
28.6539
28.88
28.5146
29.0224
28.4702
28.3014
28.6526
28.6909
28.6771
28.855
28.8406
28.7442
28.6598
28.9078
29.1137
28.8893
29.1329
28.8842
28.8785
28.667
28.9208
28.7122
28.8929
28.5468
29.239
28.6189
28.6593
28.7525
28.7641
29.2631
28.6706
28.8861
28.636
28.7746
29.1366
28.7929
28.7504
28.8054
28.7019
28.2099
29.1013
29.0029
28.6386
28.5685
29.1715
28.6056
29.2684
28.5705
28.7604
28.6247
28.4999
28.4916
28.484
28.762
28.9731
28.8383
28.7235
28.931
28.5345
29.1004
28.4226
28.8074
28.7199
28.4167
28.8097
29.1589
28.93
28.7887
28.9595
28.6667
28.9932
28.828
29.2219
28.8148
28.9072
28.5043
28.7748
28.7173
29.187
28.7297
28.7139
28.9051
28.4929
28.9115
28.7626
28.6478
28.6683
28.9081
28.2017
28.6249
28.9342
28.727
28.9312
28.7791
28.4442
28.2602
29.1202
28.9198
28.655
28.5397
28.5952
28.3565
29.3163
28.6968
28.4748
28.5634
29.2491
29.1949
28.5892
28.8576
29.1556
28.6735
29.1692
28.5683
28.8402
28.9067
28.8201
29.1043
28.861
29.1105
29.202
29.2322
29.0354
28.8959
28.6027
28.9331
29.023
29.0561
28.9973
29.0759
28.8776
28.7566
28.9756
28.9471
28.8964
28.6806
28.9688
28.7586
29.0013
29.2509
29.0458
28.9897
29.0704
28.8496
28.9385
28.9876
29.3516
28.9888
28.8768
28.8341
28.9765
29.1287
28.9823
28.9974
28.846
28.973
28.5722
28.8028
28.988
29.0834
29.4792
28.9742
29.0981
28.7329
28.5983
28.5747
29.3701
29.0522
29.3105
29.0257
29.3396
28.8376
29.0984
29.0086
29.3747
29.3067
29.1206
29.1088
28.8675
29.2197
29.1343
29.4579
29.2949
29.3013
28.8938
29.1271
29.1522
28.9934
29.1303
29.208
28.7927
28.8438
29.2168
28.784
28.8234
28.6721
29.1767
28.8955
28.8059
29.222
29.6509
28.8788
28.898
28.8872
28.89
29.0308
29.3442
29.4252
29.1213
28.9494
29.0114
28.7642
29.2694
29.1312
28.7168
29.4433
29.2028
29.1788
28.815
28.9633
28.8225
28.5515
28.8183
28.7282
28.6871
28.5282
28.9164
28.9171
28.7642
29.1391
29.261
28.4762
28.4511
28.6565
28.9326
28.6678
28.7731
28.6158
28.9498
28.8908
29.1745
28.851
28.0969
28.4457
28.4453
28.9229
28.6407
29.1273
28.7552
28.7704
28.8576
28.4752
28.4739
28.9716
28.4504
28.774
28.6823
29.1132
28.8991
28.9999
29.0671
28.3956
28.6119
28.8754
28.6637
28.7022
28.5887
28.682
28.8585
28.9478
28.7133
28.6418
28.4547
28.2625
28.8687
28.6172
28.6314
29.129
28.8325
29.3425
28.7019
28.9939
29.1336
29.0279
28.9573
28.9363
28.7343
29.1074
28.5818
28.5323
28.8687
28.7472
29.1202
28.9446
28.836
28.7676
28.8521
28.9022
28.7578
28.8121
28.8192
29.1283
28.7166
28.5134
28.9709
28.8782
29.0846
28.9365
28.8781
28.7811
28.8701
28.9136
28.8624
29.1593
28.9312
28.6516
28.4472
28.6976
28.8038
28.7954
29.0347
28.9007
28.6766
28.4694
28.7382
28.8158
28.8948
28.8527
28.299
28.9546
29.0234
29.0406
28.5651
28.9123
28.6811
28.9562
28.9055
29.0525
28.9171
29.0941
28.7278
28.9706
28.6562
28.7623
29.0373
28.7979
28.8194
28.7696
29.2158
28.8106
29.0349
28.7017
28.5834
28.8205
28.5991
28.8928
29.2705
28.6491
28.9013
28.7302
28.7146
28.8527
28.9935
29.1211
28.6587
28.9638
28.9962
29.0724
28.7282
28.7012
28.8596
28.887
29.0077
28.8808
28.6642
29.1101
28.9953
28.8722
29.1162
28.7572
28.8494
29.0337
28.5914
28.7999
28.4007
28.6403
28.9154
28.963
28.721
28.6586
28.808
28.8614
28.8372
29.2019
28.9363
28.5053
28.6274
28.6209
28.8821
28.7759
28.9818
28.4718
28.8341
28.9932
28.443
28.8387
29.1012
28.9603
28.9573
28.0695
28.8555
28.8231
29.1381
28.5512
28.5491
28.7347
28.7236
28.8604
28.4854
28.9883
28.8073
29.0552
28.6766
28.762
28.5255
28.6384
29.1619
28.9995
28.7413
28.7668
28.3786
28.5079
28.8868
28.7231
29.0027
28.7947
29.143
29.0778
28.9539
28.4089
28.5497
28.9924
28.8483
28.4074
28.6295
29.0105
29.0641
28.7892
29.1401
29.0595
28.5591
28.5757
28.8218
28.4106
29.1684
28.9829
28.6159
28.9388
28.7303
28.4026
28.8619
28.8361
29.229
28.9117
28.7175
28.2144
29.0601
28.7254
28.6519
28.4059
28.8681
28.7975
28.722
28.501
28.5975
29.115
28.8408
29.0393
28.8171
28.5987
29.6175
28.8475
28.8155
29.491
29.3641
28.8381
28.4589
29.0308
29.3037
29.0812
29.0267
29.1478
28.3312
28.5126
28.3736
29.3725
28.6385
29.301
28.7571
29.0215
28.5837
28.7795
29.1978
29.5342
28.9284
29.0342
29.1752
28.5631
29.0459
28.8048
29.285
28.7383
29.2772
29.1949
28.9883
29.0859
28.9456
28.7989
28.9004
29.0343
28.531
28.8283
29.2264
28.9277
28.9575
28.7514
29.1097
29.077
29.1661
28.8365
28.8499
29.2622
28.9552
28.923
28.9539
29.0483
28.5417
28.8377
28.6267
28.6741
28.8964
28.998
29.0386
28.3339
29.0106
28.7577
28.9769
28.7668
28.7993
29.0181
29.2047
28.921
28.9281
28.9459
28.7033
28.6425
28.7321
28.838
28.7966
28.8932
28.8136
29.1454
28.9493
28.587
28.7383
29.1953
28.5415
28.7283
28.8712
29.2505
29.0681
28.5051
28.7522
28.8986
28.7946
28.7797
29.011
29.2736
28.9371
29.0027
29.1126
28.6286
28.8807
29.2841
29.2965
28.8904
28.2811
29.052
28.9868
28.839
29.3669
28.7612
29.1037
28.9402
28.7796
29.3036
29.4885
29.0258
28.9759
29.3253
29.4665
29.5056
29.2197
29.3049
29.0129
29.1968
29.2181
29.3402
29.1555
28.9762
29.017
28.9013
29.3254
29.0305
28.9417
28.8381
28.8859
28.9746
29.2133
29.0582
28.3041
29.1261
28.9524
28.9994
28.6942
28.9488
28.9597
28.7843
29.3132
28.7422
28.776
28.6605
28.4875
28.7215
29.334
29.3158
28.4737
28.9544
28.5586
28.8533
29.214
29.157
28.7957
28.8769
28.4832
28.8012
28.9833
29.342
28.6276
28.7761
28.4721
29.0198
28.6321
28.9865
28.83
28.9648
28.7938
29.0529
28.6028
28.6179
28.9022
29.0528
28.7893
28.8367
29.0214
29.0561
29.3653
28.8205
28.7662
29.1223
28.9145
29.0337
29.0654
28.4132
28.5782
28.6658
28.7057
29.0321
28.9584
29.2932
28.6649
28.7225
28.7729
28.6522
29.2556
28.9065
28.9296
28.6576
28.8986
29.1056
28.7059
29.0925
29.2784
28.7897
28.8859
28.9459
29.0572
28.9446
28.7817
29.0653
28.8752
29.3913
28.8982
28.8854
28.5917
29.6205
29.0292
29.3196
29.1238
29.0656
29.3638
28.8385
28.7846
28.7775
29.0767
29.1102
28.9883
29.0643
28.542
29.0269
29.0851
28.9352
29.125
28.9313
29.1027
29.1636
28.6273
28.936
29.1977
28.601
29.1972
28.7612
28.6918
28.9121
29.37
28.8554
29.2415
29.5094
28.8839
28.9693
28.6554
29.2763
29.0123
29.459
29.2311
28.7659
28.3965
28.8535
28.6616
29.2963
29.0382
29.1199
28.6768
28.9428
28.8393
28.7704
28.8224
28.8249
28.8247
28.4825
28.7901
28.5942
28.8591
29.0303
29.0374
28.7136
28.7782
28.8003
28.6729
28.7549
29.0644
28.9105
28.7234
28.6029
28.9511
28.5744
28.6134
28.8466
28.6829
28.8845
28.8388
28.9424
28.7143
28.7078
28.765
28.7361
29.0612
28.6266
28.8797
29.003
28.7445
29.3849
29.1735
29.2262
29.2371
28.8865
29.1148
28.9744
29.1078
29.4986
28.7026
28.8584
29.0068
28.9309
28.9874
29.1094
28.6869
28.8316
28.6668
28.4297
28.7293
29.3771
28.9925
29.0702
28.8689
29.1306
29.1123
29.2701
28.9526
28.6349
28.9147
28.5979
28.5805
28.6973
28.8203
29.0171
28.8392
28.4856
28.7093
28.3959
28.7908
29.0475
29.1856
29.5689
29.1798
28.4724
29.1947
28.9668
29.2861
28.623
28.8661
29.0384
28.7376
28.9337
29.0593
29.1592
28.6914
28.7903
28.7745
29.2349
29.2042
29.2989
28.9313
28.9777
28.9878
28.9523
29.3661
29.0973
29.3231
28.9033
29.3045
28.8717
28.9064
28.8456
28.6954
29.0888
28.8611
29.3259
29.0229
28.6379
28.948
29.3775
29.2804
29.1617
29.0036
28.7264
28.679
29.0778
29.3955
28.9233
29.1746
28.9785
29.1212
29.1816
29.1121
29.0604
28.6774
28.8183
28.6895
29.4133
29.2403
29.2176
28.682
28.8246
29.345
29.3178
28.6462
28.8064
29.3783
29.2565
28.7755
29.2305
29.0729
28.897
29.0346
28.9336
29.2225
29.1052
29.0823
29.1951
28.6612
28.8407
28.6687
28.822
28.9937
29.3942
28.9258
28.1027
28.375
29.0116
29.0436
29.0257
29.4251
29.0571
28.8216
28.6131
28.9757
28.9484
29.5
29.1694
28.942
28.9192
28.826
29.0328
29.2551
29.1231
28.7948
29.1783
28.5808
28.5712
28.7404
28.8265
29.003
29.1425
28.9177
29.0897
29.0295
28.9488
29.1239
29.2135
28.7879
29.1158
29.0437
28.7847
28.7898
28.8082
28.6786
29.2746
29.1047
29.2624
28.6064
28.8021
29.0282
28.9296
29.0697
29.384
28.8275
29.0083
29.0028
28.8363
29.0932
29.389
28.7559
28.7871
28.7662
29.0036
28.9467
28.8954
29.0679
28.9893
28.5532
29.0901
28.532
28.4596
29.3361
29.2377
28.6905
28.6973
29.1663
28.5656
28.9337
28.5617
28.7471
28.4883
28.9112
28.9411
28.7379
28.8127
29.2231
28.6346
29.2565
29.3164
29.1847
28.8318
28.6342
28.8011
28.7349
28.9796
29.0999
28.3919
29.1382
28.9574
29.1253
28.7025
29.0222
28.7536
28.8591
28.9341
28.3258
29.1159
29.0432
29.2662
28.7792
28.5768
28.8262
28.7946
28.5085
28.7815
28.7573
28.8716
29.1361
28.7373
28.6497
28.7549
28.4536
28.6642
28.7638
28.8035
28.6611
28.7348
28.655
28.6828
28.7809
28.6204
28.9243
29.0858
28.5192
28.9163
28.6394
28.5103
28.5247
28.6042
28.8531
28.3888
28.9012
29.1694
29.1021
28.8505
28.7036
28.796
28.8607
29.1723
28.7444
28.5435
29.1788
28.6226
28.5467
28.4167
28.6862
28.9842
29.286
28.7312
29.0533
28.2984
28.6236
28.6138
28.8144
28.9785
28.8004
28.5688
28.7595
28.9711
28.4335
28.6221
28.8569
28.9041
28.419
28.6637
29.1164
28.8455
28.4703
28.9094
29.0066
28.8013
28.8751
29.3742
29.2383
29.2099
28.4201
29.0419
29.4055
28.9886
29.1883
29.6038
29.4227
29.0648
28.7235
28.7616
29.0656
29.1723
29.3667
29.3173
29.2376
29.0388
28.7047
29.119
28.844
28.8481
29.1294
29.0126
28.9992
28.858
29.4143
28.9249
28.5929
29.2102
28.2425
28.9314
29.2261
29.2098
28.6713
28.6574
28.7232
28.7549
28.9224
29.0056
29.2083
29.132
28.7769
28.8108
29.0345
29.0221
29.0728
28.9064
28.8376
28.6542
28.926
28.9863
29.146
28.6106
29.0972
29.2121
28.6342
28.5695
28.7987
29.2114
28.3496
28.4194
28.7189
28.7095
28.8758
28.4942
28.7315
28.7259
28.802
28.6847
28.939
28.6625
28.5628
28.7388
28.5011
28.9836
29.0261
28.7863
29.0716
28.7021
28.706
28.6975
28.364
28.7078
28.5003
28.5452
28.6124
28.8313
28.6848
28.6961
28.6339
28.4795
29.181
28.4887
28.5576
28.4462
28.7071
28.668
28.6619
28.9754
29.0365
28.575
28.736
29.0034
28.3929
28.6767
29.0456
28.9231
29.2415
28.3686
28.7336
28.8965
28.3033
28.0718
28.7043
28.3035
28.8799
28.4088
28.7077
28.8276
28.6139
28.8859
28.898
28.6275
28.2354
28.5839
28.6555
28.6404
28.7588
29.3325
29.1371
28.9369
28.5261
28.9493
29.0123
28.7424
28.4857
28.6553
28.5176
28.584
28.5906
28.4013
28.7666
28.6836
28.6788
28.9242
28.7454
28.6767
28.6839
28.5216
28.9863
29.1177
28.9328
28.9372
28.9998
28.7131
29.0459
28.9533
29.1522
29.0134
29.2627
29.035
28.9903
29.0774
28.8408
29.2359
29.1984
29.0297
29.3003
28.7525
28.9791
28.7448
29.2663
28.9707
28.6947
29.0094
29.1943
29.2119
28.9252
28.6423
28.8933
28.8702
28.2424
29.0415
28.9488
29.0023
28.9073
29.2227
28.9472
28.9906
28.7065
28.9915
29.1285
28.7326
28.9071
29.5718
28.6533
28.8496
28.4629
28.9046
29.0535
28.5471
28.9867
29.3798
28.6241
28.6178
28.5936
29.0076
28.9906
29.2878
29.4833
28.7711
28.8752
28.999
29.1123
29.3172
28.8237
29.305
28.7485
29.4277
28.8632
29.4323
28.699
28.5405
28.9043
29.066
29.0326
28.9524
29.1417
29.1698
28.8958
28.7128
28.5622
28.472
29.0562
28.8025
28.7725
28.5974
28.6309
28.7115
29.1176
28.6232
28.6193
28.7255
28.602
28.7688
28.7245
28.7459
28.7162
28.6337
28.5286
28.734
28.7677
28.9393
28.6284
28.6849
28.4514
28.5733
29.2267
29.123
28.7405
29.0238
28.8039
28.807
28.6904
28.8256
29.134
29.0363
28.8172
28.8762
28.6339
28.9125
28.5872
28.5099
29.1129
28.8421
28.9094
28.5635
28.7592
28.9026
28.3979
28.8454
29.0188
28.8093
28.7656
29.0636
28.6634
28.7877
29.005
28.866
29.0176
28.9175
28.606
28.9293
28.1088
28.9471
28.8388
28.9087
29.1053
28.7071
29.2753
29.0972
29.027
29.0352
28.7477
28.7633
28.7686
28.7619
28.7842
28.8386
28.6745
29.0759
28.8467
28.3967
28.7414
28.7474
28.684
28.8906
28.7292
28.6061
28.961
28.7237
28.5311
28.9001
28.3781
29.0372
29.0871
29.0761
28.8667
29.0754
29.1898
29.3772
28.8589
29.3334
29.3306
28.6896
29.2423
28.6241
29.0613
29.1046
28.8783
29.2259
29.0164
28.7706
28.9812
29.3458
29.2511
28.9253
28.9867
29.1164
29.2148
29.2081
29.1028
28.9609
29.2438
28.8737
29.1688
28.7711
28.9556
29.1468
28.9544
29.5421
29.213
28.8469
29.3002
29.1654
28.8236
28.784
29.1946
28.8985
28.896
29.0889
28.898
28.6508
28.7497
28.8418
28.7027
28.6337
28.7405
28.7644
28.6642
29.0664
28.9458
28.8344
29.0989
28.8714
28.9326
29.534
28.8785
28.862
28.6679
29.2617
28.6978
28.9407
28.6843
28.5075
28.6961
28.9378
28.8621
28.8086
28.8866
28.7399
28.9429
28.6182
29.3106
29.2839
28.8239
28.9778
28.7845
29.0414
28.5223
28.7685
28.7045
28.753
29.2059
28.7201
28.5631
28.7032
29.0715
28.8015
28.8617
28.5835
28.8274
28.9261
28.8019
28.5867
28.9665
28.3766
29.0392
28.6701
28.787
29.0798
28.6016
28.72
29.157
28.8347
29.0359
28.7195
28.9858
28.9914
29.3184
29.2547
28.9142
29.0876
28.4661
28.9114
28.6865
29.0406
29.2365
29.4188
29.1285
29.1922
29.0858
29.4336
28.7664
29.3142
29.1115
28.9002
28.9013
29.1874
28.9404
28.9084
28.9443
29.1608
28.8992
28.7227
29.1247
29.2807
29.1335
28.8224
29.146
29.1024
28.4338
29.0762
28.7224
29.2706
28.9705
28.9691
28.7027
28.4782
29.0223
29.0008
28.7714
28.7363
29.2528
29.0397
28.9598
28.6456
28.7334
28.7668
28.7952
28.9235
28.9705
28.8946
28.6077
28.9007
28.9102
28.9175
28.9613
28.8832
28.8201
28.6987
28.3875
28.5268
28.6974
28.746
29.0883
28.5525
28.6263
28.8887
28.9027
28.4497
28.793
28.9375
29.2661
29.1594
28.7717
28.8768
28.7741
28.5815
28.3682
28.8917
29.0324
29.1046
28.6874
28.9455
29.1359
28.8107
29.0601
28.6441
29.2894
29.0149
28.9938
28.7576
28.603
28.8297
28.6353
29.0272
29.1743
28.7577
28.7732
28.9954
29.082
28.9629
29.1234
29.1791
29.0356
29.164
28.7444
28.8625
28.7535
28.6282
29.1257
29.0317
28.7101
28.8045
